order_number	created_at	customer_info	line_items	payment_details	device_type
C705554	2025-03-08T12:10:57Z	"{""email"":""lee2494@example.jp"",""country"":""JP"",""phone"":""+81-90-6242-6118""}"	"[{""sku"":""WIDGET-391"",""qty"":4,""price"":24431}]"	"{""method"":""credit_card"",""currency"":""JPY"",""amount"":97724,""status"":""settled""}"	mobile
C706674	2025-03-08T02:35:39Z	"{""email"":""lee2305@example.kr"",""country"":""KR"",""phone"":""+82-10-3827-9887""}"	"[{""sku"":""WIDGET-189"",""qty"":5,""price"":22490}]"	"{""method"":""bank_transfer"",""currency"":""KRW"",""amount"":112450,""status"":""settled""}"	mobile
C704486	2025-03-08T19:35:25Z	"{""email"":""tanaka1686@example.jp"",""country"":""JP"",""phone"":""+81-90-9157-9488""}"	"[{""sku"":""WIDGET-115"",""qty"":4,""price"":17833}]"	"{""method"":""credit_card"",""currency"":""JPY"",""amount"":71332,""status"":""settled""}"	desktop
C697828	2025-03-08T12:20:37Z	"{""email"":""lee6601@example.jp"",""country"":""JP"",""phone"":""+81-90-6122-6160""}"	"[{""sku"":""WIDGET-372"",""qty"":5,""price"":29146}]"	"{""method"":""bank_transfer"",""currency"":""JPY"",""amount"":145730,""status"":""settled""}"	mobile
C698610	2025-03-08T04:25:27Z	"{""email"":""kim1313@example.jp"",""country"":""JP"",""phone"":""+81-90-2495-6855""}"	"[{""sku"":""WIDGET-347"",""qty"":4,""price"":3682}]"	"{""method"":""credit_card"",""currency"":""JPY"",""amount"":14728,""status"":""completed""}"	mobile
C697913	2025-03-08T09:35:04Z	"{""email"":""kim6877@example.jp"",""country"":""JP"",""phone"":""+81-90-9517-9054""}"	"[{""sku"":""WIDGET-377"",""qty"":1,""price"":9960}]"	"{""method"":""mobile_wallet"",""currency"":""JPY"",""amount"":9960,""status"":""completed""}"	mobile
C700399	2025-03-08T09:45:24Z	"{""email"":""lee7541@example.jp"",""country"":""JP"",""phone"":""+81-90-6053-2362""}"	"[{""sku"":""WIDGET-307"",""qty"":2,""price"":13933}]"	"{""method"":""credit_card"",""currency"":""JPY"",""amount"":27866,""status"":""settled""}"	desktop
C699765	2025-03-08T19:05:41Z	"{""email"":""suzuki7161@example.kr"",""country"":""KR"",""phone"":""+82-10-1310-2648""}"	"[{""sku"":""WIDGET-311"",""qty"":3,""price"":99185}]"	"{""method"":""mobile_wallet"",""currency"":""KRW"",""amount"":297555,""status"":""settled""}"	mobile
C704815	2025-03-08T19:30:30Z	"{""email"":""park2537@example.kr"",""country"":""KR"",""phone"":""+82-10-4924-7208""}"	"[{""sku"":""WIDGET-104"",""qty"":2,""price"":87400}]"	"{""method"":""credit_card"",""currency"":""KRW"",""amount"":174800,""status"":""settled""}"	tablet
C698089	2025-03-08T10:10:39Z	"{""email"":""kim1004@example.kr"",""country"":""KR"",""phone"":""+82-10-5025-4015""}"	"[{""sku"":""WIDGET-192"",""qty"":2,""price"":159131}]"	"{""method"":""mobile_wallet"",""currency"":""KRW"",""amount"":318262,""status"":""completed""}"	desktop
C706718	2025-03-08T00:30:37Z	"{""email"":""kim9631@example.kr"",""country"":""KR"",""phone"":""+82-10-3187-3749""}"	"[{""sku"":""WIDGET-392"",""qty"":2,""price"":19039}]"	"{""method"":""bank_transfer"",""currency"":""KRW"",""amount"":38078,""status"":""settled""}"	desktop
C697641	2025-03-08T07:40:58Z	"{""email"":""lee4264@example.jp"",""country"":""JP""}"	"[{""sku"":""WIDGET-321"",""qty"":1,""price"":13154}]"	"{""method"":""bank_transfer"",""currency"":""JPY"",""amount"":13154,""status"":""settled""}"	desktop
C706930	2025-03-08T15:45:55Z	"{""email"":""suzuki9718@example.jp"",""country"":""JP"",""phone"":""+81-90-5131-9230""}"	"[{""sku"":""WIDGET-152"",""qty"":2,""price"":26775}]"	"{""method"":""bank_transfer"",""currency"":""JPY"",""amount"":53550,""status"":""settled""}"	desktop
C701110	2025-03-08T01:10:42Z	"{""email"":""yamada7814@example.kr"",""country"":""KR"",""phone"":""+82-10-5430-8729""}"	"[{""sku"":""WIDGET-153"",""qty"":3,""price"":160158}]"	"{""method"":""bank_transfer"",""currency"":""KRW"",""amount"":480474,""status"":""settled""}"	desktop
C698317	2025-03-08T09:30:33Z	"{""email"":""kim3625@example.kr"",""country"":""KR"",""phone"":""+82-10-2603-5077""}"	"[{""sku"":""WIDGET-118"",""qty"":2,""price"":7598}]"	"{""method"":""mobile_wallet"",""currency"":""KRW"",""amount"":15196,""status"":""completed""}"	tablet
C701480	2025-03-08T23:05:01Z	"{""email"":""suzuki6077@example.jp"",""country"":""JP"",""phone"":""+81-90-5190-6575""}"	"[{""sku"":""WIDGET-394"",""qty"":1,""price"":17032}]"	"{""method"":""mobile_wallet"",""currency"":""JPY"",""amount"":17032,""status"":""completed""}"	mobile
C699928	2025-03-08T07:00:43Z	"{""email"":""tanaka5855@example.kr"",""country"":""KR"",""phone"":""+82-10-5466-9036""}"	"[{""sku"":""WIDGET-342"",""qty"":5,""price"":27955}]"	"{""method"":""credit_card"",""currency"":""KRW"",""amount"":139775,""status"":""settled""}"	mobile
C704361	2025-03-08T17:30:37Z	"{""email"":""tanaka2973@example.jp"",""country"":""JP"",""phone"":""+81-90-8162-9591""}"	"[{""sku"":""WIDGET-225"",""qty"":3,""price"":23469}]"	"{""method"":""mobile_wallet"",""currency"":""JPY"",""amount"":70407,""status"":""settled""}"	tablet
C698291	2025-03-08T23:10:19Z	"{""email"":""tanaka2124@example.kr"",""country"":""KR"",""phone"":""+82-10-2210-9059""}"	"[{""sku"":""WIDGET-316"",""qty"":4,""price"":76665}]"	"{""method"":""mobile_wallet"",""currency"":""KRW"",""amount"":306660,""status"":""settled""}"	tablet
C700541	2025-03-08T17:05:10Z	"{""email"":""lee9774@example.kr"",""country"":""KR"",""phone"":""+82-10-9282-6783""}"	"[{""sku"":""WIDGET-324"",""qty"":2,""price"":66845}]"	"{""method"":""mobile_wallet"",""currency"":""KRW"",""amount"":133690,""status"":""settled""}"	tablet
C706120	2025-03-08T10:35:01Z	"{""email"":""tanaka8110@example.jp"",""country"":""JP"",""phone"":""+81-90-9783-5193""}"	"[{""sku"":""WIDGET-170"",""qty"":3,""price"":28638}]"	"{""method"":""bank_transfer"",""currency"":""JPY"",""amount"":85914,""status"":""settled""}"	mobile
C699057	2025-03-08T19:30:38Z	"{""email"":""tanaka5857@example.kr"",""country"":""KR"",""phone"":""+82-10-3062-1618""}"	"[{""sku"":""WIDGET-115"",""qty"":5,""price"":169299}]"	"{""method"":""credit_card"",""currency"":""KRW"",""amount"":846495,""status"":""completed""}"	tablet
C699962	2025-03-08T01:05:59Z	"{""email"":""kim8505@example.kr"",""country"":""KR"",""phone"":""+82-10-2404-7336""}"	"[{""sku"":""WIDGET-203"",""qty"":4,""price"":9356}]"	"{""method"":""bank_transfer"",""currency"":""KRW"",""amount"":37424,""status"":""settled""}"	mobile
C697269	2025-03-08T02:15:52Z	"{""email"":""lee8924@example.kr"",""country"":""KR"",""phone"":""+82-10-6068-7001""}"	"[{""sku"":""WIDGET-176"",""qty"":3,""price"":170251}]"	"{""method"":""mobile_wallet"",""currency"":""KRW"",""amount"":510753,""status"":""completed""}"	desktop
C702480	2025-03-08T04:25:50Z	"{""email"":""tanaka8003@example.kr"",""country"":""KR"",""phone"":""+82-10-4273-1187""}"	"[{""sku"":""WIDGET-345"",""qty"":5,""price"":16789}]"	"{""method"":""mobile_wallet"",""currency"":""KRW"",""amount"":83945,""status"":""completed""}"	tablet
C706847	2025-03-08T21:25:55Z	"{""email"":""lee9387@example.kr"",""country"":""KR"",""phone"":""+82-10-4747-3532""}"	"[{""sku"":""WIDGET-386"",""qty"":2,""price"":171702}]"	"{""method"":""mobile_wallet"",""currency"":""KRW"",""amount"":343404,""status"":""completed""}"	desktop
C700439	2025-03-08T17:45:18Z	"{""email"":""park8264@example.jp"",""country"":""JP"",""phone"":""+81-90-5475-3468""}"	"[{""sku"":""WIDGET-170"",""qty"":2,""price"":20203}]"	"{""method"":""mobile_wallet"",""currency"":""JPY"",""amount"":40406,""status"":""completed""}"	tablet
C701164	2025-03-08T06:15:19Z	"{""email"":""lee843@example.kr"",""country"":""KR"",""phone"":""+82-10-1653-3055""}"	"[{""sku"":""WIDGET-381"",""qty"":4,""price"":263141}]"	"{""method"":""bank_transfer"",""currency"":""KRW"",""amount"":1052564,""status"":""completed""}"	mobile
C706733	2025-03-08T17:35:31Z	"{""email"":""park2386@example.kr"",""country"":""KR"",""phone"":""+82-10-4155-9073""}"	"[{""sku"":""WIDGET-121"",""qty"":5,""price"":232438}]"	"{""method"":""bank_transfer"",""currency"":""KRW"",""amount"":1162190,""status"":""settled""}"	mobile
C705706	2025-03-08T00:40:00Z	"{""email"":""suzuki1095@example.jp"",""country"":""JP"",""phone"":""+81-90-7051-6169""}"	"[{""sku"":""WIDGET-387"",""qty"":3,""price"":24426}]"	"{""method"":""mobile_wallet"",""currency"":""JPY"",""amount"":73278,""status"":""completed""}"	desktop
C704960	2025-03-08T18:30:15Z	"{""email"":""suzuki414@example.jp"",""country"":""JP"",""phone"":""+81-90-8867-4792""}"	"[{""sku"":""WIDGET-363"",""qty"":2,""price"":6660}]"	"{""method"":""bank_transfer"",""currency"":""JPY"",""amount"":13320,""status"":""completed""}"	mobile
C700686	2025-03-08T02:45:07Z	"{""email"":""park6157@example.kr"",""country"":""KR"",""phone"":""+82-10-8099-2817""}"	"[{""sku"":""WIDGET-255"",""qty"":1,""price"":184722}]"	"{""method"":""mobile_wallet"",""currency"":""KRW"",""amount"":184722,""status"":""completed""}"	desktop
C703125	2025-03-08T03:15:18Z	"{""email"":""suzuki553@example.jp"",""country"":""JP"",""phone"":""+81-90-4645-4922""}"	"[{""sku"":""WIDGET-134"",""qty"":4,""price"":26205}]"	"{""method"":""bank_transfer"",""currency"":""JPY"",""amount"":104820,""status"":""completed""}"	desktop
C698314	2025-03-08T17:40:43Z	"{""email"":""suzuki4451@example.kr"",""country"":""KR"",""phone"":""+82-10-2697-9949""}"	"[{""sku"":""WIDGET-149"",""qty"":4,""price"":198485}]"	"{""method"":""credit_card"",""currency"":""KRW"",""amount"":793940,""status"":""settled""}"	mobile
C699575	2025-03-08T06:45:55Z	"{""email"":""suzuki6861@example.jp"",""country"":""JP"",""phone"":""+81-90-3819-1644""}"	"[{""sku"":""WIDGET-287"",""qty"":5,""price"":17438}]"	"{""method"":""mobile_wallet"",""currency"":""JPY"",""amount"":87190,""status"":""settled""}"	desktop
C707040	2025-03-08T05:45:31Z	"{""email"":""kim2572@example.jp"",""country"":""JP"",""phone"":""+81-90-9131-4853""}"	"[{""sku"":""WIDGET-150"",""qty"":3,""price"":9603}]"	"{""method"":""credit_card"",""currency"":""JPY"",""amount"":28809,""status"":""settled""}"	mobile
C705573	2025-03-08T12:00:32Z	"{""email"":""suzuki3444@example.kr"",""country"":""KR"",""phone"":""+82-10-3589-3326""}"	"[{""sku"":""WIDGET-376"",""qty"":1,""price"":231521}]"	"{""method"":""bank_transfer"",""currency"":""KRW"",""amount"":231521,""status"":""completed""}"	mobile
C706565	2025-03-08T23:55:20Z	"{""email"":""yamada178@example.kr"",""country"":""KR"",""phone"":""+82-10-7457-3508""}"	"[{""sku"":""WIDGET-142"",""qty"":3,""price"":231228}]"	"{""method"":""bank_transfer"",""currency"":""KRW"",""amount"":693684,""status"":""completed""}"	tablet
C703467	2025-03-08T18:05:49Z	"{""email"":""park9326@example.jp"",""country"":""JP"",""phone"":""+81-90-4885-9534""}"	"[{""sku"":""WIDGET-300"",""qty"":4,""price"":14321}]"	"{""method"":""mobile_wallet"",""currency"":""JPY"",""amount"":57284,""status"":""settled""}"	desktop
C701250	2025-03-08T23:30:08Z	"{""email"":""suzuki9469@example.kr"",""country"":""KR"",""phone"":""+82-10-6874-7805""}"	"[{""sku"":""WIDGET-131"",""qty"":2,""price"":221755}]"	"{""method"":""bank_transfer"",""currency"":""KRW"",""amount"":443510,""status"":""pending""}"	mobile
C702356	2025-03-08T22:20:34Z	"{""email"":""suzuki8427@example.jp"",""country"":""JP"",""phone"":""+81-90-4035-3751""}"	"[{""sku"":""WIDGET-222"",""qty"":1,""price"":7448}]"	"{""method"":""bank_transfer"",""currency"":""JPY"",""amount"":7448,""status"":""settled""}"	tablet
C703809	2025-03-08T17:45:53Z	"{""email"":""yamada519@example.jp"",""country"":""JP"",""phone"":""+81-90-7052-1875""}"	"[{""sku"":""WIDGET-129"",""qty"":5,""price"":18305}]"	"{""method"":""bank_transfer"",""currency"":""JPY"",""amount"":91525,""status"":""pending""}"	mobile
C697336	2025-03-08T09:15:12Z	"{""email"":""lee3022@example.jp"",""country"":""JP"",""phone"":""+81-90-9591-7212""}"	"[{""sku"":""WIDGET-200"",""qty"":1,""price"":18517}]"	"{""method"":""mobile_wallet"",""currency"":""JPY"",""amount"":18517,""status"":""settled""}"	desktop
C706319	2025-03-08T23:40:12Z	"{""email"":""lee9903@example.kr"",""country"":""KR"",""phone"":""+82-10-2971-7461""}"	"[{""sku"":""WIDGET-356"",""qty"":4,""price"":157915}]"	"{""method"":""credit_card"",""currency"":""KRW"",""amount"":631660,""status"":""settled""}"	desktop
C697156	2025-03-08T13:25:44Z	"{""email"":""suzuki9699@example.jp"",""country"":""JP"",""phone"":""+81-90-4576-6377""}"	"[{""sku"":""WIDGET-345"",""qty"":3,""price"":12935}]"	"{""method"":""credit_card"",""currency"":""JPY"",""amount"":38805,""status"":""completed""}"	mobile
C701111	2025-03-08T06:50:20Z	"{""email"":""suzuki2519@example.jp"",""country"":""JP"",""phone"":""+81-90-7773-3745""}"	"[{""sku"":""WIDGET-217"",""qty"":4,""price"":13093}]"	"{""method"":""credit_card"",""currency"":""JPY"",""amount"":52372,""status"":""completed""}"	mobile
C699521	2025-03-08T23:20:21Z	"{""email"":""yamada7798@example.kr"",""country"":""KR"",""phone"":""+82-10-9796-9310""}"	"[{""sku"":""WIDGET-396"",""qty"":2,""price"":131270}]"	"{""method"":""bank_transfer"",""currency"":""KRW"",""amount"":262540,""status"":""settled""}"	desktop
C705835	2025-03-08T09:50:30Z	"{""email"":""tanaka4541@example.kr"",""country"":""KR"",""phone"":""+82-10-6476-3375""}"	"[{""sku"":""WIDGET-116"",""qty"":3,""price"":210508}]"	"{""method"":""bank_transfer"",""currency"":""KRW"",""amount"":631524,""status"":""settled""}"	tablet
C704417	2025-03-08T15:10:48Z	"{""email"":""lee125@example.jp"",""country"":""JP"",""phone"":""+81-90-5526-4572""}"	"[{""sku"":""WIDGET-293"",""qty"":4,""price"":18166}]"	"{""method"":""credit_card"",""currency"":""JPY"",""amount"":72664,""status"":""settled""}"	tablet
C706397	2025-03-08T16:15:04Z	"{""email"":""park592@example.kr"",""country"":""KR"",""phone"":""+82-10-2368-6953""}"	"[{""sku"":""WIDGET-351"",""qty"":5,""price"":51816}]"	"{""method"":""credit_card"",""currency"":""KRW"",""amount"":259080,""status"":""completed""}"	mobile
C703029	2025-03-08T06:50:47Z	"{""email"":""tanaka1593@example.jp"",""country"":""JP"",""phone"":""+81-90-9101-5516""}"	"[{""sku"":""WIDGET-232"",""qty"":5,""price"":1051}]"	"{""method"":""credit_card"",""currency"":""JPY"",""amount"":5255,""status"":""settled""}"	desktop
C705289	2025-03-08T01:45:43Z	"{""email"":""lee9641@example.jp"",""country"":""JP"",""phone"":""+81-90-6278-1316""}"	"[{""sku"":""WIDGET-212"",""qty"":3,""price"":9826}]"	"{""method"":""mobile_wallet"",""currency"":""JPY"",""amount"":29478,""status"":""completed""}"	mobile
C700141	2025-03-08T08:00:46Z	"{""email"":""yamada960@example.kr"",""country"":""KR"",""phone"":""+82-10-2747-3219""}"	"[{""sku"":""WIDGET-133"",""qty"":4,""price"":53506}]"	"{""method"":""mobile_wallet"",""currency"":""KRW"",""amount"":214024,""status"":""pending""}"	tablet
C699462	2025-03-08T18:00:17Z	"{""email"":""yamada6426@example.jp"",""country"":""JP"",""phone"":""+81-90-4671-5615""}"	"[{""sku"":""WIDGET-188"",""qty"":1,""price"":7791}]"	"{""method"":""mobile_wallet"",""currency"":""JPY"",""amount"":7791,""status"":""settled""}"	mobile
C702192	2025-03-08T22:30:01Z	"{""email"":""lee9853@example.jp"",""country"":""JP"",""phone"":""+81-90-9019-5888""}"	"[{""sku"":""WIDGET-251"",""qty"":4,""price"":16146}]"	"{""method"":""bank_transfer"",""currency"":""JPY"",""amount"":64584,""status"":""settled""}"	mobile
C701324	2025-03-08T22:45:22Z	"{""email"":""lee8105@example.kr"",""country"":""KR"",""phone"":""+82-10-7001-1618""}"	"[{""sku"":""WIDGET-327"",""qty"":4,""price"":174064}]"	"{""method"":""mobile_wallet"",""currency"":""KRW"",""amount"":696256,""status"":""settled""}"	tablet
C704172	2025-03-08T08:05:06Z	"{""email"":""yamada2086@example.jp"",""country"":""JP"",""phone"":""+81-90-9758-4172""}"	"[{""sku"":""WIDGET-163"",""qty"":4,""price"":29661}]"	"{""method"":""credit_card"",""currency"":""JPY"",""amount"":118644,""status"":""settled""}"	desktop
C703369	2025-03-08T02:35:45Z	"{""email"":""tanaka1372@example.jp"",""country"":""JP"",""phone"":""+81-90-2048-8530""}"	"[{""sku"":""WIDGET-256"",""qty"":1,""price"":8420}]"	"{""method"":""bank_transfer"",""currency"":""JPY"",""amount"":8420,""status"":""completed""}"	desktop
C705547	2025-03-08T17:45:58Z	"{""email"":""suzuki9736@example.kr"",""country"":""KR"",""phone"":""+82-10-2920-3857""}"	"[{""sku"":""WIDGET-278"",""qty"":4,""price"":183456}]"	"{""method"":""bank_transfer"",""currency"":""KRW"",""amount"":733824,""status"":""completed""}"	mobile
C700143	2025-03-08T12:15:40Z	"{""email"":""suzuki4531@example.jp"",""country"":""JP"",""phone"":""+81-90-3963-3655""}"	"[{""sku"":""WIDGET-311"",""qty"":4,""price"":5759}]"	"{""method"":""bank_transfer"",""currency"":""JPY"",""amount"":23036,""status"":""settled""}"	tablet
C701225	2025-03-08T03:35:13Z	"{""email"":""lee6399@example.kr"",""country"":""KR"",""phone"":""+82-10-4017-1226""}"	"[{""sku"":""WIDGET-244"",""qty"":2,""price"":168443}]"	"{""method"":""bank_transfer"",""currency"":""KRW"",""amount"":336886,""status"":""pending""}"	mobile
C701023	2025-03-08T19:45:42Z	"{""email"":""tanaka7515@example.kr"",""country"":""KR"",""phone"":""+82-10-4580-7162""}"	"[{""sku"":""WIDGET-252"",""qty"":4,""price"":85589}]"	"{""method"":""bank_transfer"",""currency"":""KRW"",""amount"":342356,""status"":""settled""}"	desktop
C700305	2025-03-08T06:40:03Z	"{""email"":""tanaka5572@example.jp"",""country"":""JP"",""phone"":""+81-90-4944-8800""}"	"[{""sku"":""WIDGET-344"",""qty"":3,""price"":23709}]"	"{""method"":""credit_card"",""currency"":""JPY"",""amount"":71127,""status"":""settled""}"	mobile
C699681	2025-03-08T13:10:45Z	"{""email"":""kim9692@example.jp"",""country"":""JP"",""phone"":""+81-90-5854-7447""}"	"[{""sku"":""WIDGET-124"",""qty"":1,""price"":20317}]"	"{""method"":""mobile_wallet"",""currency"":""JPY"",""amount"":20317,""status"":""settled""}"	desktop
C703130	2025-03-08T21:30:48Z	"{""email"":""suzuki1063@example.jp"",""country"":""JP"",""phone"":""+81-90-5092-7440""}"	"[{""sku"":""WIDGET-287"",""qty"":4,""price"":5722}]"	"{""method"":""bank_transfer"",""currency"":""JPY"",""amount"":22888,""status"":""settled""}"	desktop
C704081	2025-03-08T15:00:34Z	"{""email"":""yamada6507@example.jp"",""country"":""JP"",""phone"":""+81-90-9467-7145""}"	"[{""sku"":""WIDGET-302"",""qty"":1,""price"":14857}]"	"{""method"":""credit_card"",""currency"":""JPY"",""amount"":14857,""status"":""settled""}"	tablet
C699223	2025-03-08T11:50:24Z	"{""email"":""kim5125@example.jp"",""country"":""JP"",""phone"":""+81-90-9234-6188""}"	"[{""sku"":""WIDGET-129"",""qty"":1,""price"":26022}]"	"{""method"":""bank_transfer"",""currency"":""JPY"",""amount"":26022,""status"":""settled""}"	tablet
C701857	2025-03-08T18:55:11Z	"{""email"":""tanaka2084@example.jp"",""country"":""JP"",""phone"":""+81-90-1459-1821""}"	"[{""sku"":""WIDGET-196"",""qty"":2,""price"":15499}]"	"{""method"":""mobile_wallet"",""currency"":""JPY"",""amount"":30998,""status"":""settled""}"	mobile
C704532	2025-03-08T16:45:40Z	"{""email"":""suzuki5782@example.jp"",""country"":""JP"",""phone"":""+81-90-5785-6623""}"	"[{""sku"":""WIDGET-296"",""qty"":4,""price"":12165}]"	"{""method"":""credit_card"",""currency"":""JPY"",""amount"":48660,""status"":""pending""}"	mobile
C705382	2025-03-08T11:25:09Z	"{""email"":""kim5362@example.kr"",""country"":""KR"",""phone"":""+82-10-9843-8339""}"	"[{""sku"":""WIDGET-173"",""qty"":1,""price"":77468}]"	"{""method"":""mobile_wallet"",""currency"":""KRW"",""amount"":77468,""status"":""pending""}"	desktop
C704893	2025-03-08T20:25:21Z	"{""email"":""suzuki4641@example.kr"",""country"":""KR"",""phone"":""+82-10-8778-4342""}"	"[{""sku"":""WIDGET-163"",""qty"":3,""price"":236201}]"	"{""method"":""credit_card"",""currency"":""KRW"",""amount"":708603,""status"":""completed""}"	tablet
C698738	2025-03-08T16:00:59Z	"{""email"":""suzuki6248@example.jp"",""country"":""JP"",""phone"":""+81-90-9785-2806""}"	"[{""sku"":""WIDGET-145"",""qty"":1,""price"":15654}]"	"{""method"":""bank_transfer"",""currency"":""JPY"",""amount"":15654,""status"":""settled""}"	mobile
C703819	2025-03-08T10:00:23Z	"{""email"":""kim9603@example.kr"",""country"":""KR"",""phone"":""+82-10-4390-8358""}"	"[{""sku"":""WIDGET-241"",""qty"":4,""price"":183305}]"	"{""method"":""credit_card"",""currency"":""KRW"",""amount"":733220,""status"":""completed""}"	desktop
C707088	2025-03-08T21:30:41Z	"{""email"":""suzuki1331@example.kr"",""country"":""KR"",""phone"":""+82-10-9888-9367""}"	"[{""sku"":""WIDGET-333"",""qty"":4,""price"":223581}]"	"{""method"":""credit_card"",""currency"":""KRW"",""amount"":894324,""status"":""settled""}"	desktop
C706954	2025-03-08T07:25:20Z	"{""email"":""yamada4599@example.kr"",""country"":""KR"",""phone"":""+82-10-1879-9921""}"	"[{""sku"":""WIDGET-206"",""qty"":5,""price"":167531}]"	"{""method"":""mobile_wallet"",""currency"":""KRW"",""amount"":837655,""status"":""completed""}"	desktop
C702083	2025-03-08T13:15:50Z	"{""email"":""tanaka778@example.kr"",""country"":""KR"",""phone"":""+82-10-5013-3510""}"	"[{""sku"":""WIDGET-258"",""qty"":1,""price"":133204}]"	"{""method"":""credit_card"",""currency"":""KRW"",""amount"":133204,""status"":""completed""}"	tablet
C700127	2025-03-08T02:15:29Z	"{""email"":""suzuki2490@example.kr"",""country"":""KR"",""phone"":""+82-10-4405-7377""}"	"[{""sku"":""WIDGET-295"",""qty"":5,""price"":247600}]"	"{""method"":""credit_card"",""currency"":""KRW"",""amount"":1238000,""status"":""pending""}"	mobile
C699991	2025-03-08T17:35:14Z	"{""email"":""tanaka5532@example.kr"",""country"":""KR"",""phone"":""+82-10-4176-5337""}"	"[{""sku"":""WIDGET-372"",""qty"":5,""price"":104481}]"	"{""method"":""credit_card"",""currency"":""KRW"",""amount"":522405,""status"":""completed""}"	desktop
C698010	2025-03-08T05:50:55Z	"{""email"":""suzuki842@example.kr"",""country"":""KR"",""phone"":""+82-10-5370-3092""}"	"[{""sku"":""WIDGET-291"",""qty"":5,""price"":166086}]"	"{""method"":""mobile_wallet"",""currency"":""KRW"",""amount"":830430,""status"":""settled""}"	desktop
C704451	2025-03-08T13:10:29Z	"{""email"":""lee9826@example.kr"",""country"":""KR"",""phone"":""+82-10-9174-1738""}"	"[{""sku"":""WIDGET-147"",""qty"":5,""price"":62142}]"	"{""method"":""credit_card"",""currency"":""KRW"",""amount"":310710,""status"":""settled""}"	tablet
C705596	2025-03-08T13:50:53Z	"{""email"":""kim7536@example.kr"",""country"":""KR"",""phone"":""+82-10-6578-9775""}"	"[{""sku"":""WIDGET-398"",""qty"":4,""price"":87860}]"	"{""method"":""credit_card"",""currency"":""KRW"",""amount"":351440,""status"":""completed""}"	mobile
C701614	2025-03-08T13:40:08Z	"{""email"":""kim7157@example.kr"",""country"":""KR"",""phone"":""+82-10-9565-7004""}"	"[{""sku"":""WIDGET-277"",""qty"":1,""price"":183963}]"	"{""method"":""bank_transfer"",""currency"":""KRW"",""amount"":183963,""status"":""settled""}"	tablet
C697107	2025-03-08T20:10:57Z	"{""email"":""lee5012@example.jp"",""country"":""JP"",""phone"":""+81-90-4223-2922""}"	"[{""sku"":""WIDGET-257"",""qty"":4,""price"":6494}]"	"{""method"":""bank_transfer"",""currency"":""JPY"",""amount"":25976,""status"":""completed""}"	desktop
C700483	2025-03-08T17:20:03Z	"{""email"":""lee30@example.kr"",""country"":""KR"",""phone"":""+82-10-5212-4744""}"	"[{""sku"":""WIDGET-226"",""qty"":3,""price"":129358}]"	"{""method"":""credit_card"",""currency"":""KRW"",""amount"":388074,""status"":""completed""}"	tablet
C704898	2025-03-08T11:15:30Z	"{""email"":""suzuki810@example.jp"",""country"":""JP"",""phone"":""+81-90-2146-5299""}"	"[{""sku"":""WIDGET-238"",""qty"":3,""price"":24070}]"	"{""method"":""mobile_wallet"",""currency"":""JPY"",""amount"":72210,""status"":""settled""}"	mobile
C703253	2025-03-08T22:25:21Z	"{""email"":""yamada3914@example.jp"",""country"":""JP"",""phone"":""+81-90-6989-5214""}"	"[{""sku"":""WIDGET-199"",""qty"":4,""price"":6814}]"	"{""method"":""bank_transfer"",""currency"":""JPY"",""amount"":27256,""status"":""settled""}"	mobile
C705570	2025-03-08T01:20:35Z	"{""email"":""kim1637@example.kr"",""country"":""KR"",""phone"":""+82-10-1433-3765""}"	"[{""sku"":""WIDGET-368"",""qty"":1,""price"":19121}]"	"{""method"":""bank_transfer"",""currency"":""KRW"",""amount"":19121,""status"":""completed""}"	tablet
C698187	2025-03-08T09:00:27Z	"{""email"":""kim692@example.kr"",""country"":""KR"",""phone"":""+82-10-1927-2735""}"	"[{""sku"":""WIDGET-270"",""qty"":3,""price"":64112}]"	"{""method"":""mobile_wallet"",""currency"":""KRW"",""amount"":192336,""status"":""settled""}"	mobile
C698637	2025-03-08T21:35:03Z	"{""email"":""kim6904@example.kr"",""country"":""KR"",""phone"":""+82-10-6105-2511""}"	"[{""sku"":""WIDGET-197"",""qty"":1,""price"":218684}]"	"{""method"":""bank_transfer"",""currency"":""KRW"",""amount"":218684,""status"":""settled""}"	mobile
C706044	2025-03-08T03:50:26Z	"{""email"":""suzuki2548@example.jp"",""country"":""JP"",""phone"":""+81-90-2745-9921""}"	"[{""sku"":""WIDGET-182"",""qty"":3,""price"":13302}]"	"{""method"":""credit_card"",""currency"":""JPY"",""amount"":39906,""status"":""settled""}"	tablet
C698593	2025-03-08T22:25:36Z	"{""email"":""lee5461@example.kr"",""country"":""KR"",""phone"":""+82-10-2021-3724""}"	"[{""sku"":""WIDGET-104"",""qty"":3,""price"":156310}]"	"{""method"":""mobile_wallet"",""currency"":""KRW"",""amount"":468930,""status"":""settled""}"	tablet
C705464	2025-03-08T03:15:01Z	"{""email"":""park7779@example.jp"",""country"":""JP"",""phone"":""+81-90-2915-1666""}"	"[{""sku"":""WIDGET-262"",""qty"":3,""price"":23578}]"	"{""method"":""credit_card"",""currency"":""JPY"",""amount"":70734,""status"":""settled""}"	tablet
C703522	2025-03-08T18:15:52Z	"{""email"":""park9366@example.kr"",""country"":""KR"",""phone"":""+82-10-5849-8308""}"	"[{""sku"":""WIDGET-308"",""qty"":3,""price"":195842}]"	"{""method"":""mobile_wallet"",""currency"":""KRW"",""amount"":587526,""status"":""settled""}"	mobile
C704355	2025-03-08T04:45:49Z	"{""email"":""kim6120@example.jp"",""country"":""JP"",""phone"":""+81-90-4284-9857""}"	"[{""sku"":""WIDGET-362"",""qty"":5,""price"":8084}]"	"{""method"":""mobile_wallet"",""currency"":""JPY"",""amount"":40420,""status"":""completed""}"	desktop
C707414	2025-03-08T01:45:30Z	"{""email"":""park6013@example.jp"",""country"":""JP"",""phone"":""+81-90-5608-9537""}"	"[{""sku"":""WIDGET-349"",""qty"":2,""price"":1037}]"	"{""method"":""bank_transfer"",""currency"":""JPY"",""amount"":2074,""status"":""completed""}"	mobile
C706516	2025-03-08T23:05:23Z	"{""email"":""tanaka8611@example.jp"",""country"":""JP"",""phone"":""+81-90-2924-6894""}"	"[{""sku"":""WIDGET-355"",""qty"":4,""price"":4514}]"	"{""method"":""mobile_wallet"",""currency"":""JPY"",""amount"":18056,""status"":""settled""}"	desktop
C697731	2025-03-08T23:45:33Z	"{""email"":""park5042@example.kr"",""country"":""KR"",""phone"":""+82-10-5221-5608""}"	"[{""sku"":""WIDGET-190"",""qty"":2,""price"":232362}]"	"{""method"":""credit_card"",""currency"":""KRW"",""amount"":464724,""status"":""settled""}"	tablet
C700952	2025-03-08T02:00:27Z	"{""email"":""kim9604@example.kr"",""country"":""KR"",""phone"":""+82-10-4320-8334""}"	"[{""sku"":""WIDGET-107"",""qty"":3,""price"":245209}]"	"{""method"":""mobile_wallet"",""currency"":""KRW"",""amount"":735627,""status"":""settled""}"	tablet
C700829	2025-03-08T22:55:12Z	"{""email"":""tanaka804@example.jp"",""country"":""JP"",""phone"":""+81-90-9821-6753""}"	"[{""sku"":""WIDGET-218"",""qty"":1,""price"":27386}]"	"{""method"":""bank_transfer"",""currency"":""JPY"",""amount"":27386,""status"":""completed""}"	mobile
C697261	2025-03-08T05:50:03Z	"{""email"":""suzuki2416@example.jp"",""country"":""JP"",""phone"":""+81-90-6204-2270""}"	"[{""sku"":""WIDGET-112"",""qty"":2,""price"":19455}]"	"{""method"":""mobile_wallet"",""currency"":""JPY"",""amount"":38910,""status"":""settled""}"	desktop
C704603	2025-03-08T00:50:09Z	"{""email"":""park2422@example.kr"",""country"":""KR"",""phone"":""+82-10-7255-8331""}"	"[{""sku"":""WIDGET-234"",""qty"":5,""price"":48612}]"	"{""method"":""mobile_wallet"",""currency"":""KRW"",""amount"":243060,""status"":""settled""}"	desktop
C700595	2025-03-08T22:10:49Z	"{""email"":""lee6265@example.kr"",""country"":""KR"",""phone"":""+82-10-1369-2899""}"	"[{""sku"":""WIDGET-269"",""qty"":1,""price"":178636}]"	"{""method"":""mobile_wallet"",""currency"":""KRW"",""amount"":178636,""status"":""settled""}"	desktop
C699210	2025-03-08T10:05:13Z	"{""email"":""yamada1248@example.kr"",""country"":""KR"",""phone"":""+82-10-1606-1729""}"	"[{""sku"":""WIDGET-239"",""qty"":1,""price"":195246}]"	"{""method"":""mobile_wallet"",""currency"":""KRW"",""amount"":195246,""status"":""pending""}"	mobile
C706207	2025-03-08T14:10:02Z	"{""email"":""kim5744@example.kr"",""country"":""KR"",""phone"":""+82-10-4119-1692""}"	"[{""sku"":""WIDGET-302"",""qty"":5,""price"":169816}]"	"{""method"":""credit_card"",""currency"":""KRW"",""amount"":849080,""status"":""completed""}"	mobile
C705700	2025-03-08T16:25:07Z	"{""email"":""park1178@example.jp"",""country"":""JP"",""phone"":""+81-90-9998-4536""}"	"[{""sku"":""WIDGET-349"",""qty"":5,""price"":23501}]"	"{""method"":""credit_card"",""currency"":""JPY"",""amount"":117505,""status"":""pending""}"	mobile
C704181	2025-03-08T15:00:07Z	"{""email"":""suzuki2943@example.jp"",""country"":""JP"",""phone"":""+81-90-1842-7790""}"	"[{""sku"":""WIDGET-242"",""qty"":4,""price"":4111}]"	"{""method"":""mobile_wallet"",""currency"":""JPY"",""amount"":16444,""status"":""completed""}"	desktop
C698260	2025-03-08T06:20:52Z	"{""email"":""lee4958@example.kr"",""country"":""KR"",""phone"":""+82-10-7688-5660""}"	"[{""sku"":""WIDGET-222"",""qty"":5,""price"":29930}]"	"{""method"":""credit_card"",""currency"":""KRW"",""amount"":149650,""status"":""pending""}"	mobile
C707131	2025-03-08T12:55:36Z	"{""email"":""kim3774@example.jp"",""country"":""JP"",""phone"":""+81-90-3834-9351""}"	"[{""sku"":""WIDGET-233"",""qty"":4,""price"":14809}]"	"{""method"":""bank_transfer"",""currency"":""JPY"",""amount"":59236,""status"":""completed""}"	mobile
C698731	2025-03-08T17:05:58Z	"{""email"":""yamada7348@example.kr"",""country"":""KR"",""phone"":""+82-10-9302-2658""}"	"[{""sku"":""WIDGET-393"",""qty"":5,""price"":225035}]"	"{""method"":""credit_card"",""currency"":""KRW"",""amount"":1125175,""status"":""pending""}"	mobile
C702969	2025-03-08T14:20:10Z	"{""email"":""kim4426@example.jp"",""country"":""JP"",""phone"":""+81-90-5078-2517""}"	"[{""sku"":""WIDGET-270"",""qty"":1,""price"":3956}]"	"{""method"":""mobile_wallet"",""currency"":""JPY"",""amount"":3956,""status"":""settled""}"	mobile
C705250	2025-03-08T23:20:11Z	"{""email"":""kim2563@example.jp"",""country"":""JP"",""phone"":""+81-90-7994-9590""}"	"[{""sku"":""WIDGET-281"",""qty"":3,""price"":8089}]"	"{""method"":""mobile_wallet"",""currency"":""JPY"",""amount"":24267,""status"":""settled""}"	desktop
C699686	2025-03-08T18:05:29Z	"{""email"":""tanaka7848@example.jp"",""country"":""JP"",""phone"":""+81-90-7202-1341""}"	"[{""sku"":""WIDGET-376"",""qty"":3,""price"":29587}]"	"{""method"":""mobile_wallet"",""currency"":""JPY"",""amount"":88761,""status"":""settled""}"	mobile
C701380	2025-03-08T23:30:10Z	"{""email"":""yamada43@example.kr"",""country"":""KR"",""phone"":""+82-10-4294-2129""}"	"[{""sku"":""WIDGET-353"",""qty"":1,""price"":235491}]"	"{""method"":""bank_transfer"",""currency"":""KRW"",""amount"":235491,""status"":""completed""}"	mobile
C707292	2025-03-08T17:40:29Z	"{""email"":""lee9128@example.kr"",""country"":""KR"",""phone"":""+82-10-3670-7657""}"	"[{""sku"":""WIDGET-255"",""qty"":1,""price"":45432}]"	"{""method"":""bank_transfer"",""currency"":""KRW"",""amount"":45432,""status"":""settled""}"	desktop
C697862	2025-03-08T08:30:40Z	"{""email"":""park4732@example.jp"",""country"":""JP"",""phone"":""+81-90-5041-1181""}"	"[{""sku"":""WIDGET-374"",""qty"":4,""price"":18532}]"	"{""method"":""bank_transfer"",""currency"":""JPY"",""amount"":74128,""status"":""settled""}"	mobile
C700147	2025-03-08T12:55:04Z	"{""email"":""park1971@example.kr"",""country"":""KR"",""phone"":""+82-10-1626-4424""}"	"[{""sku"":""WIDGET-361"",""qty"":5,""price"":44853}]"	"{""method"":""bank_transfer"",""currency"":""KRW"",""amount"":224265,""status"":""settled""}"	desktop
C702650	2025-03-08T10:15:44Z	"{""email"":""yamada7242@example.kr"",""country"":""KR"",""phone"":""+82-10-3875-9282""}"	"[{""sku"":""WIDGET-298"",""qty"":3,""price"":24593}]"	"{""method"":""bank_transfer"",""currency"":""KRW"",""amount"":73779,""status"":""settled""}"	mobile
C698136	2025-03-08T18:55:06Z	"{""email"":""suzuki2310@example.jp"",""country"":""JP"",""phone"":""+81-90-9784-1313""}"	"[{""sku"":""WIDGET-186"",""qty"":5,""price"":24390}]"	"{""method"":""credit_card"",""currency"":""JPY"",""amount"":121950,""status"":""settled""}"	mobile
C703200	2025-03-08T19:20:25Z	"{""email"":""park4551@example.kr"",""country"":""KR"",""phone"":""+82-10-7179-6817""}"	"[{""sku"":""WIDGET-215"",""qty"":1,""price"":209617}]"	"{""method"":""mobile_wallet"",""currency"":""KRW"",""amount"":209617,""status"":""settled""}"	tablet
C697394	2025-03-08T21:25:38Z	"{""email"":""suzuki8265@example.kr"",""country"":""KR"",""phone"":""+82-10-3268-6475""}"	"[{""sku"":""WIDGET-154"",""qty"":1,""price"":189769}]"	"{""method"":""credit_card"",""currency"":""KRW"",""amount"":189769,""status"":""settled""}"	mobile
C698369	2025-03-08T04:20:44Z	"{""email"":""yamada1423@example.jp"",""country"":""JP"",""phone"":""+81-90-3397-2487""}"	"[{""sku"":""WIDGET-263"",""qty"":3,""price"":15489}]"	"{""method"":""mobile_wallet"",""currency"":""JPY"",""amount"":46467,""status"":""settled""}"	mobile
C706831	2025-03-08T02:20:23Z	"{""email"":""park4760@example.jp"",""country"":""JP"",""phone"":""+81-90-5707-7742""}"	"[{""sku"":""WIDGET-275"",""qty"":2,""price"":16789}]"	"{""method"":""credit_card"",""currency"":""JPY"",""amount"":33578,""status"":""completed""}"	mobile
C703050	2025-03-08T18:40:22Z	"{""email"":""park6019@example.jp"",""country"":""JP"",""phone"":""+81-90-2367-3686""}"	"[{""sku"":""WIDGET-218"",""qty"":3,""price"":21286}]"	"{""method"":""credit_card"",""currency"":""JPY"",""amount"":63858,""status"":""settled""}"	mobile
C699939	2025-03-08T08:05:00Z	"{""email"":""yamada8018@example.kr"",""country"":""KR"",""phone"":""+82-10-7906-1708""}"	"[{""sku"":""WIDGET-160"",""qty"":5,""price"":90387}]"	"{""method"":""mobile_wallet"",""currency"":""KRW"",""amount"":451935,""status"":""pending""}"	desktop
C702264	2025-03-08T08:10:28Z	"{""email"":""suzuki7973@example.kr"",""country"":""KR"",""phone"":""+82-10-4949-2425""}"	"[{""sku"":""WIDGET-237"",""qty"":4,""price"":138958}]"	"{""method"":""credit_card"",""currency"":""KRW"",""amount"":555832,""status"":""settled""}"	mobile
C700948	2025-03-08T02:10:00Z	"{""email"":""park197@example.jp"",""country"":""JP"",""phone"":""+81-90-7179-2864""}"	"[{""sku"":""WIDGET-121"",""qty"":5,""price"":11237}]"	"{""method"":""bank_transfer"",""currency"":""JPY"",""amount"":56185,""status"":""settled""}"	tablet
C698072	2025-03-08T06:05:45Z	"{""email"":""lee3330@example.jp"",""country"":""JP"",""phone"":""+81-90-2042-4857""}"	"[{""sku"":""WIDGET-178"",""qty"":4,""price"":25485}]"	"{""method"":""credit_card"",""currency"":""JPY"",""amount"":101940,""status"":""settled""}"	desktop
C700182	2025-03-08T15:05:51Z	"{""email"":""yamada8639@example.kr"",""country"":""KR"",""phone"":""+82-10-5773-7251""}"	"[{""sku"":""WIDGET-137"",""qty"":5,""price"":64259}]"	"{""method"":""credit_card"",""currency"":""KRW"",""amount"":321295,""status"":""pending""}"	mobile
C696975	2025-03-08T23:10:01Z	"{""email"":""tanaka432@example.kr"",""country"":""KR"",""phone"":""+82-10-2645-7220""}"	"[{""sku"":""WIDGET-391"",""qty"":5,""price"":138421}]"	"{""method"":""bank_transfer"",""currency"":""KRW"",""amount"":692105,""status"":""settled""}"	desktop
C703299	2025-03-08T19:45:38Z	"{""email"":""suzuki2814@example.kr"",""country"":""KR"",""phone"":""+82-10-9656-9578""}"	"[{""sku"":""WIDGET-358"",""qty"":1,""price"":34385}]"	"{""method"":""bank_transfer"",""currency"":""KRW"",""amount"":34385,""status"":""completed""}"	mobile
C699804	2025-03-08T01:30:03Z	"{""email"":""suzuki5425@example.kr"",""country"":""KR"",""phone"":""+82-10-7600-9934""}"	"[{""sku"":""WIDGET-327"",""qty"":5,""price"":251408}]"	"{""method"":""credit_card"",""currency"":""KRW"",""amount"":1257040,""status"":""settled""}"	desktop
C704343	2025-03-08T19:05:17Z	"{""email"":""yamada416@example.kr"",""country"":""KR"",""phone"":""+82-10-4814-6192""}"	"[{""sku"":""WIDGET-363"",""qty"":4,""price"":183138}]"	"{""method"":""mobile_wallet"",""currency"":""KRW"",""amount"":732552,""status"":""settled""}"	mobile
C700803	2025-03-08T01:00:29Z	"{""email"":""yamada7653@example.jp"",""country"":""JP"",""phone"":""+81-90-6020-9722""}"	"[{""sku"":""WIDGET-348"",""qty"":4,""price"":24579}]"	"{""method"":""mobile_wallet"",""currency"":""JPY"",""amount"":98316,""status"":""settled""}"	mobile
C705557	2025-03-08T07:15:33Z	"{""email"":""lee9668@example.jp"",""country"":""JP"",""phone"":""+81-90-2953-5702""}"	"[{""sku"":""WIDGET-105"",""qty"":4,""price"":15975}]"	"{""method"":""credit_card"",""currency"":""JPY"",""amount"":63900,""status"":""settled""}"	mobile
C701187	2025-03-08T13:25:10Z	"{""email"":""park3028@example.jp"",""country"":""JP"",""phone"":""+81-90-3959-7097""}"	"[{""sku"":""WIDGET-152"",""qty"":4,""price"":17443}]"	"{""method"":""credit_card"",""currency"":""JPY"",""amount"":69772,""status"":""settled""}"	tablet
C699799	2025-03-08T19:30:43Z	"{""email"":""tanaka1255@example.jp"",""country"":""JP"",""phone"":""+81-90-6443-1976""}"	"[{""sku"":""WIDGET-321"",""qty"":2,""price"":19738}]"	"{""method"":""credit_card"",""currency"":""JPY"",""amount"":39476,""status"":""settled""}"	desktop
C702255	2025-03-08T11:55:52Z	"{""email"":""tanaka5679@example.kr"",""country"":""KR"",""phone"":""+82-10-7182-4765""}"	"[{""sku"":""WIDGET-359"",""qty"":2,""price"":151197}]"	"{""method"":""bank_transfer"",""currency"":""KRW"",""amount"":302394,""status"":""settled""}"	tablet
C706869	2025-03-08T23:25:04Z	"{""email"":""suzuki2068@example.kr"",""country"":""KR"",""phone"":""+82-10-2891-8619""}"	"[{""sku"":""WIDGET-117"",""qty"":5,""price"":253664}]"	"{""method"":""bank_transfer"",""currency"":""KRW"",""amount"":1268320,""status"":""completed""}"	tablet
C704732	2025-03-08T20:35:23Z	"{""email"":""suzuki1083@example.jp"",""country"":""JP"",""phone"":""+81-90-6638-9806""}"	"[{""sku"":""WIDGET-378"",""qty"":5,""price"":24873}]"	"{""method"":""mobile_wallet"",""currency"":""JPY"",""amount"":124365,""status"":""settled""}"	mobile
C701061	2025-03-08T05:15:51Z	"{""email"":""tanaka2482@example.kr"",""country"":""KR"",""phone"":""+82-10-3651-5735""}"	"[{""sku"":""WIDGET-189"",""qty"":2,""price"":222993}]"	"{""method"":""credit_card"",""currency"":""KRW"",""amount"":445986,""status"":""settled""}"	tablet
C705694	2025-03-08T03:10:51Z	"{""email"":""yamada5157@example.jp"",""country"":""JP"",""phone"":""+81-90-8039-5204""}"	"[{""sku"":""WIDGET-285"",""qty"":4,""price"":18090}]"	"{""method"":""bank_transfer"",""currency"":""JPY"",""amount"":72360,""status"":""settled""}"	desktop
C706672	2025-03-08T08:40:29Z	"{""email"":""park5758@example.jp"",""country"":""JP"",""phone"":""+81-90-3337-3953""}"	"[{""sku"":""WIDGET-170"",""qty"":5,""price"":5013}]"	"{""method"":""credit_card"",""currency"":""JPY"",""amount"":25065,""status"":""settled""}"	tablet
C703886	2025-03-08T05:55:08Z	"{""email"":""tanaka2853@example.kr"",""country"":""KR"",""phone"":""+82-10-4443-7544""}"	"[{""sku"":""WIDGET-267"",""qty"":1,""price"":151449}]"	"{""method"":""credit_card"",""currency"":""KRW"",""amount"":151449,""status"":""completed""}"	mobile
C702457	2025-03-08T13:45:34Z	"{""email"":""yamada5151@example.kr"",""country"":""KR"",""phone"":""+82-10-9542-6862""}"	"[{""sku"":""WIDGET-399"",""qty"":3,""price"":181526}]"	"{""method"":""mobile_wallet"",""currency"":""KRW"",""amount"":544578,""status"":""settled""}"	desktop
C697718	2025-03-08T10:00:03Z	"{""email"":""park6774@example.kr"",""country"":""KR"",""phone"":""+82-10-5165-3264""}"	"[{""sku"":""WIDGET-144"",""qty"":3,""price"":50644}]"	"{""method"":""credit_card"",""currency"":""KRW"",""amount"":151932,""status"":""completed""}"	tablet
C702524	2025-03-08T03:20:33Z	"{""email"":""tanaka265@example.jp"",""country"":""JP"",""phone"":""+81-90-4512-6796""}"	"[{""sku"":""WIDGET-187"",""qty"":1,""price"":12438}]"	"{""method"":""mobile_wallet"",""currency"":""JPY"",""amount"":12438,""status"":""settled""}"	tablet
C706297	2025-03-08T01:10:02Z	"{""email"":""suzuki5354@example.kr"",""country"":""KR"",""phone"":""+82-10-4845-6529""}"	"[{""sku"":""WIDGET-359"",""qty"":4,""price"":189037}]"	"{""method"":""mobile_wallet"",""currency"":""KRW"",""amount"":756148,""status"":""settled""}"	mobile
C702525	2025-03-08T05:30:32Z	"{""email"":""yamada3179@example.jp"",""country"":""JP"",""phone"":""+81-90-4304-6164""}"	"[{""sku"":""WIDGET-309"",""qty"":5,""price"":28548}]"	"{""method"":""bank_transfer"",""currency"":""JPY"",""amount"":142740,""status"":""completed""}"	mobile
C700359	2025-03-08T11:45:55Z	"{""email"":""tanaka8959@example.jp"",""country"":""JP"",""phone"":""+81-90-2721-4108""}"	"[{""sku"":""WIDGET-150"",""qty"":4,""price"":17343}]"	"{""method"":""mobile_wallet"",""currency"":""JPY"",""amount"":69372,""status"":""settled""}"	mobile
C706181	2025-03-08T19:25:51Z	"{""email"":""kim6249@example.jp"",""country"":""JP"",""phone"":""+81-90-7970-8359""}"	"[{""sku"":""WIDGET-285"",""qty"":4,""price"":25135}]"	"{""method"":""mobile_wallet"",""currency"":""JPY"",""amount"":100540,""status"":""settled""}"	tablet
C706817	2025-03-08T02:00:08Z	"{""email"":""yamada6976@example.kr"",""country"":""KR"",""phone"":""+82-10-1150-4284""}"	"[{""sku"":""WIDGET-162"",""qty"":3,""price"":178312}]"	"{""method"":""bank_transfer"",""currency"":""KRW"",""amount"":534936,""status"":""settled""}"	desktop
C700736	2025-03-08T10:10:28Z	"{""email"":""park3443@example.kr"",""country"":""KR"",""phone"":""+82-10-3465-6243""}"	"[{""sku"":""WIDGET-105"",""qty"":4,""price"":93181}]"	"{""method"":""bank_transfer"",""currency"":""KRW"",""amount"":372724,""status"":""pending""}"	tablet
C704795	2025-03-08T14:00:33Z	"{""email"":""lee3404@example.jp"",""country"":""JP"",""phone"":""+81-90-5167-3949""}"	"[{""sku"":""WIDGET-274"",""qty"":5,""price"":26779}]"	"{""method"":""mobile_wallet"",""currency"":""JPY"",""amount"":133895,""status"":""settled""}"	mobile
C703196	2025-03-08T09:30:48Z	"{""email"":""park4050@example.jp"",""country"":""JP"",""phone"":""+81-90-6673-6128""}"	"[{""sku"":""WIDGET-120"",""qty"":3,""price"":2234}]"	"{""method"":""mobile_wallet"",""currency"":""JPY"",""amount"":6702,""status"":""completed""}"	tablet
C703574	2025-03-08T23:05:24Z	"{""email"":""lee7168@example.kr"",""country"":""KR"",""phone"":""+82-10-9095-3647""}"	"[{""sku"":""WIDGET-226"",""qty"":2,""price"":60588}]"	"{""method"":""bank_transfer"",""currency"":""KRW"",""amount"":121176,""status"":""settled""}"	mobile
C704322	2025-03-08T18:20:04Z	"{""email"":""suzuki4035@example.kr"",""country"":""KR"",""phone"":""+82-10-7043-5603""}"	"[{""sku"":""WIDGET-318"",""qty"":1,""price"":81356}]"	"{""method"":""mobile_wallet"",""currency"":""KRW"",""amount"":81356,""status"":""completed""}"	desktop
C701142	2025-03-08T10:40:08Z	"{""email"":""tanaka3297@example.jp"",""country"":""JP"",""phone"":""+81-90-9263-2894""}"	"[{""sku"":""WIDGET-168"",""qty"":4,""price"":9831}]"	"{""method"":""bank_transfer"",""currency"":""JPY"",""amount"":39324,""status"":""settled""}"	tablet
C697156	2025-03-08T13:25:44Z	"{""email"":""suzuki9699@example.jp"",""country"":""JP"",""phone"":""+81-90-4576-6377""}"	"[{""sku"":""WIDGET-345"",""qty"":3,""price"":12935}]"	"{""method"":""credit_card"",""currency"":""JPY"",""amount"":38805,""status"":""completed""}"	mobile
C703485	2025-03-08T20:00:39Z	"{""email"":""yamada4135@example.kr"",""country"":""KR"",""phone"":""+82-10-3105-4587""}"	"[{""sku"":""WIDGET-365"",""qty"":5,""price"":228594}]"	"{""method"":""credit_card"",""currency"":""KRW"",""amount"":1142970,""status"":""completed""}"	tablet
C698644	2025-03-08T02:05:54Z	"{""email"":""lee9353@example.jp"",""country"":""JP"",""phone"":""+81-90-2476-3972""}"	"[{""sku"":""WIDGET-164"",""qty"":5,""price"":28861}]"	"{""method"":""credit_card"",""currency"":""JPY"",""amount"":144305,""status"":""settled""}"	mobile
C702946	2025-03-08T09:25:08Z	"{""email"":""yamada8524@example.kr"",""country"":""KR"",""phone"":""+82-10-3487-9338""}"	"[{""sku"":""WIDGET-260"",""qty"":2,""price"":83597}]"	"{""method"":""bank_transfer"",""currency"":""KRW"",""amount"":167194,""status"":""pending""}"	mobile
C705527	2025-03-08T11:05:32Z	"{""email"":""yamada1206@example.jp"",""country"":""JP"",""phone"":""+81-90-3648-9743""}"	"[{""sku"":""WIDGET-174"",""qty"":4,""price"":8161}]"	"{""method"":""bank_transfer"",""currency"":""JPY"",""amount"":32644,""status"":""settled""}"	desktop
C700622	2025-03-08T08:10:17Z	"{""email"":""yamada1841@example.jp"",""country"":""JP"",""phone"":""+81-90-5272-5390""}"	"[{""sku"":""WIDGET-186"",""qty"":4,""price"":11275}]"	"{""method"":""credit_card"",""currency"":""JPY"",""amount"":45100,""status"":""settled""}"	desktop
C697806	2025-03-08T05:25:45Z	"{""email"":""suzuki8884@example.jp"",""country"":""JP"",""phone"":""+81-90-8611-3564""}"	"[{""sku"":""WIDGET-263"",""qty"":2,""price"":24377}]"	"{""method"":""credit_card"",""currency"":""JPY"",""amount"":48754,""status"":""settled""}"	desktop
C704399	2025-03-08T13:25:48Z	"{""email"":""yamada7682@example.kr"",""country"":""KR"",""phone"":""+82-10-2923-6474""}"	"[{""sku"":""WIDGET-203"",""qty"":4,""price"":239312}]"	"{""method"":""credit_card"",""currency"":""KRW"",""amount"":957248,""status"":""settled""}"	desktop
C705262	2025-03-08T16:00:52Z	"{""email"":""park372@example.jp"",""country"":""JP"",""phone"":""+81-90-5820-7609""}"	"[{""sku"":""WIDGET-159"",""qty"":4,""price"":24505}]"	"{""method"":""mobile_wallet"",""currency"":""JPY"",""amount"":98020,""status"":""settled""}"	tablet
C706277	2025-03-08T17:50:17Z	"{""email"":""tanaka28@example.kr"",""country"":""KR"",""phone"":""+82-10-6905-9331""}"	"[{""sku"":""WIDGET-125"",""qty"":1,""price"":118252}]"	"{""method"":""mobile_wallet"",""currency"":""KRW"",""amount"":118252,""status"":""completed""}"	mobile
C703556	2025-03-08T12:25:42Z	"{""email"":""suzuki6249@example.kr"",""country"":""KR"",""phone"":""+82-10-4652-1447""}"	"[{""sku"":""WIDGET-349"",""qty"":1,""price"":251094}]"	"{""method"":""bank_transfer"",""currency"":""KRW"",""amount"":251094,""status"":""settled""}"	tablet
C702504	2025-03-08T22:50:40Z	"{""email"":""tanaka1137@example.jp"",""country"":""JP"",""phone"":""+81-90-9649-5463""}"	"[{""sku"":""WIDGET-171"",""qty"":2,""price"":2580}]"	"{""method"":""mobile_wallet"",""currency"":""JPY"",""amount"":5160,""status"":""pending""}"	mobile
C702104	2025-03-08T09:20:48Z	"{""email"":""park6356@example.kr"",""country"":""KR"",""phone"":""+82-10-3566-8082""}"	"[{""sku"":""WIDGET-179"",""qty"":1,""price"":24174}]"	"{""method"":""bank_transfer"",""currency"":""KRW"",""amount"":24174,""status"":""settled""}"	desktop
C702746	2025-03-08T18:40:34Z	"{""email"":""park8653@example.kr"",""country"":""KR"",""phone"":""+82-10-8556-9867""}"	"[{""sku"":""WIDGET-198"",""qty"":5,""price"":191685}]"	"{""method"":""credit_card"",""currency"":""KRW"",""amount"":958425,""status"":""completed""}"	mobile
C706144	2025-03-08T20:20:08Z	"{""email"":""suzuki8654@example.jp"",""country"":""JP"",""phone"":""+81-90-7324-8793""}"	"[{""sku"":""WIDGET-234"",""qty"":5,""price"":21376}]"	"{""method"":""bank_transfer"",""currency"":""JPY"",""amount"":106880,""status"":""completed""}"	tablet
C706412	2025-03-08T00:15:37Z	"{""email"":""kim8456@example.kr"",""country"":""KR"",""phone"":""+82-10-3455-2566""}"	"[{""sku"":""WIDGET-189"",""qty"":1,""price"":228145}]"	"{""method"":""credit_card"",""currency"":""KRW"",""amount"":228145,""status"":""completed""}"	mobile
C706390	2025-03-08T16:10:37Z	"{""email"":""tanaka8183@example.jp"",""country"":""JP"",""phone"":""+81-90-1570-4578""}"	"[{""sku"":""WIDGET-240"",""qty"":3,""price"":796}]"	"{""method"":""bank_transfer"",""currency"":""JPY"",""amount"":2388,""status"":""pending""}"	mobile
C703966	2025-03-08T14:45:06Z	"{""email"":""yamada2763@example.jp"",""country"":""JP"",""phone"":""+81-90-1692-5017""}"	"[{""sku"":""WIDGET-304"",""qty"":2,""price"":20396}]"	"{""method"":""bank_transfer"",""currency"":""JPY"",""amount"":40792,""status"":""settled""}"	desktop
C701300	2025-03-08T17:30:28Z	"{""email"":""lee5660@example.kr"",""country"":""KR"",""phone"":""+82-10-2575-9811""}"	"[{""sku"":""WIDGET-285"",""qty"":5,""price"":20002}]"	"{""method"":""mobile_wallet"",""currency"":""KRW"",""amount"":100010,""status"":""pending""}"	mobile
C701771	2025-03-08T16:00:10Z	"{""email"":""park1817@example.kr"",""country"":""KR"",""phone"":""+82-10-9764-8186""}"	"[{""sku"":""WIDGET-355"",""qty"":5,""price"":146379}]"	"{""method"":""mobile_wallet"",""currency"":""KRW"",""amount"":731895,""status"":""completed""}"	tablet
C697176	2025-03-08T03:40:13Z	"{""email"":""park50@example.kr"",""country"":""KR"",""phone"":""+82-10-7452-2546""}"	"[{""sku"":""WIDGET-306"",""qty"":4,""price"":148234}]"	"{""method"":""mobile_wallet"",""currency"":""KRW"",""amount"":592936,""status"":""settled""}"	tablet
C700859	2025-03-08T03:05:10Z	"{""email"":""lee8590@example.jp"",""country"":""JP"",""phone"":""+81-90-5187-1140""}"	"[{""sku"":""WIDGET-343"",""qty"":1,""price"":2222}]"	"{""method"":""mobile_wallet"",""currency"":""JPY"",""amount"":2222,""status"":""completed""}"	mobile
C705282	2025-03-08T03:15:18Z	"{""email"":""kim8480@example.kr"",""country"":""KR"",""phone"":""+82-10-6593-1035""}"	"[{""sku"":""WIDGET-198"",""qty"":2,""price"":224042}]"	"{""method"":""credit_card"",""currency"":""KRW"",""amount"":448084,""status"":""completed""}"	tablet
C702655	2025-03-08T09:20:04Z	"{""email"":""lee979@example.kr"",""country"":""KR"",""phone"":""+82-10-9708-6387""}"	"[{""sku"":""WIDGET-174"",""qty"":1,""price"":42456}]"	"{""method"":""mobile_wallet"",""currency"":""KRW"",""amount"":42456,""status"":""settled""}"	tablet
C704428	2025-03-08T08:30:47Z	"{""email"":""suzuki2094@example.kr"",""country"":""KR"",""phone"":""+82-10-3218-6610""}"	"[{""sku"":""WIDGET-127"",""qty"":1,""price"":168335}]"	"{""method"":""bank_transfer"",""currency"":""KRW"",""amount"":168335,""status"":""pending""}"	tablet
C705383	2025-03-08T21:15:50Z	"{""email"":""lee5486@example.kr"",""country"":""KR"",""phone"":""+82-10-4219-6875""}"	"[{""sku"":""WIDGET-252"",""qty"":4,""price"":11174}]"	"{""method"":""mobile_wallet"",""currency"":""KRW"",""amount"":44696,""status"":""settled""}"	desktop
C697282	2025-03-08T20:55:02Z	"{""email"":""kim1252@example.kr"",""country"":""KR"",""phone"":""+82-10-5772-7978""}"	"[{""sku"":""WIDGET-336"",""qty"":3,""price"":261867}]"	"{""method"":""bank_transfer"",""currency"":""KRW"",""amount"":785601,""status"":""pending""}"	desktop
C702761	2025-03-08T12:05:25Z	"{""email"":""suzuki6438@example.jp"",""country"":""JP"",""phone"":""+81-90-5019-8439""}"	"[{""sku"":""WIDGET-291"",""qty"":3,""price"":28635}]"	"{""method"":""mobile_wallet"",""currency"":""JPY"",""amount"":85905,""status"":""settled""}"	mobile
C706147	2025-03-08T11:35:43Z	"{""email"":""kim7957@example.jp"",""country"":""JP"",""phone"":""+81-90-1452-6852""}"	"[{""sku"":""WIDGET-131"",""qty"":3,""price"":987}]"	"{""method"":""credit_card"",""currency"":""JPY"",""amount"":2961,""status"":""settled""}"	desktop
C704469	2025-03-08T05:45:28Z	"{""email"":""yamada7461@example.kr"",""country"":""KR"",""phone"":""+82-10-6303-7828""}"	"[{""sku"":""WIDGET-103"",""qty"":4,""price"":23895}]"	"{""method"":""credit_card"",""currency"":""KRW"",""amount"":95580,""status"":""completed""}"	desktop
C706961	2025-03-08T04:55:28Z	"{""email"":""kim3525@example.kr"",""country"":""KR"",""phone"":""+82-10-4050-9976""}"	"[{""sku"":""WIDGET-207"",""qty"":1,""price"":260110}]"	"{""method"":""credit_card"",""currency"":""KRW"",""amount"":260110,""status"":""completed""}"	mobile
C702374	2025-03-08T22:20:14Z	"{""email"":""yamada7163@example.jp"",""country"":""JP"",""phone"":""+81-90-4073-5952""}"	"[{""sku"":""WIDGET-105"",""qty"":3,""price"":28506}]"	"{""method"":""bank_transfer"",""currency"":""JPY"",""amount"":85518,""status"":""settled""}"	mobile
C699037	2025-03-08T10:10:58Z	"{""email"":""lee4375@example.kr"",""country"":""KR"",""phone"":""+82-10-4972-3827""}"	"[{""sku"":""WIDGET-108"",""qty"":3,""price"":83773}]"	"{""method"":""credit_card"",""currency"":""KRW"",""amount"":251319,""status"":""completed""}"	desktop
C703027	2025-03-08T15:20:26Z	"{""email"":""tanaka136@example.kr"",""country"":""KR"",""phone"":""+82-10-7531-9968""}"	"[{""sku"":""WIDGET-164"",""qty"":2,""price"":157445}]"	"{""method"":""bank_transfer"",""currency"":""KRW"",""amount"":314890,""status"":""settled""}"	desktop
C707354	2025-03-08T14:00:50Z	"{""email"":""suzuki8191@example.kr"",""country"":""KR"",""phone"":""+82-10-6087-6363""}"	"[{""sku"":""WIDGET-382"",""qty"":1,""price"":138196}]"	"{""method"":""credit_card"",""currency"":""KRW"",""amount"":138196,""status"":""settled""}"	desktop
C697440	2025-03-08T09:30:28Z	"{""email"":""tanaka5015@example.jp"",""country"":""JP"",""phone"":""+81-90-9779-6746""}"	"[{""sku"":""WIDGET-215"",""qty"":3,""price"":29085}]"	"{""method"":""mobile_wallet"",""currency"":""JPY"",""amount"":87255,""status"":""completed""}"	tablet
C701500	2025-03-08T15:00:52Z	"{""email"":""yamada9478@example.jp"",""country"":""JP"",""phone"":""+81-90-8185-2317""}"	"[{""sku"":""WIDGET-155"",""qty"":1,""price"":8077}]"	"{""method"":""mobile_wallet"",""currency"":""JPY"",""amount"":8077,""status"":""completed""}"	tablet
C704115	2025-03-08T11:55:56Z	"{""email"":""suzuki1029@example.jp"",""country"":""JP"",""phone"":""+81-90-1006-3748""}"	"[{""sku"":""WIDGET-388"",""qty"":1,""price"":28612}]"	"{""method"":""bank_transfer"",""currency"":""JPY"",""amount"":28612,""status"":""completed""}"	mobile
C707324	2025-03-08T19:50:14Z	"{""email"":""yamada497@example.kr"",""country"":""KR"",""phone"":""+82-10-9533-9963""}"	"[{""sku"":""WIDGET-169"",""qty"":5,""price"":220761}]"	"{""method"":""mobile_wallet"",""currency"":""KRW"",""amount"":1103805,""status"":""completed""}"	tablet
C704188	2025-03-08T07:10:59Z	"{""email"":""suzuki5747@example.kr"",""country"":""KR"",""phone"":""+82-10-1707-9336""}"	"[{""sku"":""WIDGET-316"",""qty"":4,""price"":97250}]"	"{""method"":""bank_transfer"",""currency"":""KRW"",""amount"":389000,""status"":""settled""}"	mobile
C705413	2025-03-08T21:35:38Z	"{""email"":""kim9456@example.kr"",""country"":""KR"",""phone"":""+82-10-6668-4834""}"	"[{""sku"":""WIDGET-316"",""qty"":4,""price"":232088}]"	"{""method"":""mobile_wallet"",""currency"":""KRW"",""amount"":928352,""status"":""settled""}"	tablet
C699902	2025-03-08T19:35:10Z	"{""email"":""suzuki6123@example.jp"",""country"":""JP"",""phone"":""+81-90-4412-2368""}"	"[{""sku"":""WIDGET-308"",""qty"":2,""price"":28939}]"	"{""method"":""bank_transfer"",""currency"":""JPY"",""amount"":57878,""status"":""completed""}"	tablet
C699180	2025-03-08T14:20:21Z	"{""email"":""lee4366@example.kr"",""country"":""KR"",""phone"":""+82-10-1557-9137""}"	"[{""sku"":""WIDGET-283"",""qty"":5,""price"":117312}]"	"{""method"":""mobile_wallet"",""currency"":""KRW"",""amount"":586560,""status"":""settled""}"	mobile
C701081	2025-03-08T19:10:48Z	"{""email"":""yamada9522@example.jp"",""country"":""JP"",""phone"":""+81-90-7976-8278""}"	"[{""sku"":""WIDGET-321"",""qty"":5,""price"":8258}]"	"{""method"":""mobile_wallet"",""currency"":""JPY"",""amount"":41290,""status"":""completed""}"	desktop
C703325	2025-03-08T06:25:38Z	"{""email"":""kim3134@example.jp"",""country"":""JP"",""phone"":""+81-90-2250-7444""}"	"[{""sku"":""WIDGET-317"",""qty"":5,""price"":7729}]"	"{""method"":""bank_transfer"",""currency"":""JPY"",""amount"":38645,""status"":""completed""}"	desktop
C701578	2025-03-08T14:30:17Z	"{""email"":""park8381@example.jp"",""country"":""JP"",""phone"":""+81-90-5660-2575""}"	"[{""sku"":""WIDGET-366"",""qty"":1,""price"":1655}]"	"{""method"":""credit_card"",""currency"":""JPY"",""amount"":1655,""status"":""settled""}"	tablet
C698563	2025-03-08T16:20:30Z	"{""email"":""yamada262@example.kr"",""country"":""KR"",""phone"":""+82-10-1998-7000""}"	"[{""sku"":""WIDGET-234"",""qty"":1,""price"":39278}]"	"{""method"":""bank_transfer"",""currency"":""KRW"",""amount"":39278,""status"":""settled""}"	mobile
C702811	2025-03-08T16:50:20Z	"{""email"":""yamada6879@example.jp"",""country"":""JP"",""phone"":""+81-90-8959-3542""}"	"[{""sku"":""WIDGET-205"",""qty"":1,""price"":15694}]"	"{""method"":""credit_card"",""currency"":""JPY"",""amount"":15694,""status"":""settled""}"	desktop
C699530	2025-03-08T18:20:22Z	"{""email"":""suzuki6847@example.kr"",""country"":""KR"",""phone"":""+82-10-7844-6266""}"	"[{""sku"":""WIDGET-252"",""qty"":2,""price"":186432}]"	"{""method"":""credit_card"",""currency"":""KRW"",""amount"":372864,""status"":""settled""}"	tablet
C699555	2025-03-08T13:40:31Z	"{""email"":""kim4021@example.jp"",""country"":""JP"",""phone"":""+81-90-6352-2359""}"	"[{""sku"":""WIDGET-399"",""qty"":2,""price"":16172}]"	"{""method"":""bank_transfer"",""currency"":""JPY"",""amount"":32344,""status"":""settled""}"	desktop
C707342	2025-03-08T23:15:03Z	"{""email"":""yamada4304@example.jp"",""country"":""JP"",""phone"":""+81-90-4250-5815""}"	"[{""sku"":""WIDGET-394"",""qty"":3,""price"":9536}]"	"{""method"":""bank_transfer"",""currency"":""JPY"",""amount"":28608,""status"":""completed""}"	tablet
C706616	2025-03-08T10:00:55Z	"{""email"":""park5188@example.jp"",""country"":""JP"",""phone"":""+81-90-8371-5257""}"	"[{""sku"":""WIDGET-271"",""qty"":1,""price"":12636}]"	"{""method"":""bank_transfer"",""currency"":""JPY"",""amount"":12636,""status"":""settled""}"	mobile
C699199	2025-03-08T11:40:58Z	"{""email"":""tanaka5367@example.jp"",""country"":""JP"",""phone"":""+81-90-7265-7915""}"	"[{""sku"":""WIDGET-132"",""qty"":1,""price"":1923}]"	"{""method"":""mobile_wallet"",""currency"":""JPY"",""amount"":1923,""status"":""pending""}"	desktop
C705188	2025-03-08T14:40:42Z	"{""email"":""tanaka7121@example.jp"",""country"":""JP"",""phone"":""+81-90-4643-4809""}"	"[{""sku"":""WIDGET-146"",""qty"":3,""price"":3006}]"	"{""method"":""bank_transfer"",""currency"":""JPY"",""amount"":9018,""status"":""pending""}"	desktop
C705202	2025-03-08T11:10:11Z	"{""email"":""kim3408@example.kr"",""country"":""KR"",""phone"":""+82-10-8905-7953""}"	"[{""sku"":""WIDGET-236"",""qty"":2,""price"":16862}]"	"{""method"":""credit_card"",""currency"":""KRW"",""amount"":33724,""status"":""settled""}"	mobile
C704884	2025-03-08T02:25:04Z	"{""email"":""tanaka5319@example.kr"",""country"":""KR"",""phone"":""+82-10-2542-1041""}"	"[{""sku"":""WIDGET-141"",""qty"":2,""price"":157853}]"	"{""method"":""credit_card"",""currency"":""KRW"",""amount"":315706,""status"":""completed""}"	tablet
C697534	2025-03-08T16:20:56Z	"{""email"":""kim3112@example.kr"",""country"":""KR"",""phone"":""+82-10-4124-9970""}"	"[{""sku"":""WIDGET-253"",""qty"":2,""price"":170052}]"	"{""method"":""mobile_wallet"",""currency"":""KRW"",""amount"":340104,""status"":""completed""}"	mobile
C700039	2025-03-08T09:05:12Z	"{""email"":""kim9278@example.jp"",""country"":""JP"",""phone"":""+81-90-6756-8990""}"	"[{""sku"":""WIDGET-340"",""qty"":1,""price"":24616}]"	"{""method"":""credit_card"",""currency"":""JPY"",""amount"":24616,""status"":""completed""}"	tablet
C705372	2025-03-08T07:35:23Z	"{""email"":""lee6721@example.kr"",""country"":""KR"",""phone"":""+82-10-2478-9444""}"	"[{""sku"":""WIDGET-148"",""qty"":5,""price"":194595}]"	"{""method"":""mobile_wallet"",""currency"":""KRW"",""amount"":972975,""status"":""settled""}"	tablet
C704258	2025-03-08T03:40:03Z	"{""email"":""lee872@example.jp"",""country"":""JP"",""phone"":""+81-90-6184-1528""}"	"[{""sku"":""WIDGET-253"",""qty"":5,""price"":19279}]"	"{""method"":""mobile_wallet"",""currency"":""JPY"",""amount"":96395,""status"":""settled""}"	mobile
C697847	2025-03-08T03:20:05Z	"{""email"":""yamada9272@example.kr"",""country"":""KR"",""phone"":""+82-10-6729-2375""}"	"[{""sku"":""WIDGET-242"",""qty"":3,""price"":103960}]"	"{""method"":""credit_card"",""currency"":""KRW"",""amount"":311880,""status"":""completed""}"	mobile
C707060	2025-03-08T14:00:26Z	"{""email"":""lee3416@example.jp"",""country"":""JP"",""phone"":""+81-90-1811-4343""}"	"[{""sku"":""WIDGET-185"",""qty"":1,""price"":9218}]"	"{""method"":""mobile_wallet"",""currency"":""JPY"",""amount"":9218,""status"":""settled""}"	tablet
C703919	2025-03-08T19:30:38Z	"{""email"":""suzuki3582@example.kr"",""country"":""KR"",""phone"":""+82-10-3925-9817""}"	"[{""sku"":""WIDGET-176"",""qty"":2,""price"":17712}]"	"{""method"":""bank_transfer"",""currency"":""KRW"",""amount"":35424,""status"":""settled""}"	mobile
C702247	2025-03-08T04:30:48Z	"{""email"":""park2264@example.kr"",""country"":""KR"",""phone"":""+82-10-7530-8960""}"	"[{""sku"":""WIDGET-109"",""qty"":1,""price"":204166}]"	"{""method"":""credit_card"",""currency"":""KRW"",""amount"":204166,""status"":""settled""}"	desktop
C703504	2025-03-08T00:45:28Z	"{""email"":""yamada666@example.kr"",""country"":""KR"",""phone"":""+82-10-1229-4691""}"	"[{""sku"":""WIDGET-163"",""qty"":3,""price"":131875}]"	"{""method"":""bank_transfer"",""currency"":""KRW"",""amount"":395625,""status"":""settled""}"	tablet
C703239	2025-03-08T20:35:14Z	"{""email"":""park2406@example.kr"",""country"":""KR"",""phone"":""+82-10-3888-5338""}"	"[{""sku"":""WIDGET-142"",""qty"":2,""price"":98112}]"	"{""method"":""mobile_wallet"",""currency"":""KRW"",""amount"":196224,""status"":""settled""}"	desktop
C698659	2025-03-08T17:15:39Z	"{""email"":""yamada4266@example.kr"",""country"":""KR"",""phone"":""+82-10-6008-7246""}"	"[{""sku"":""WIDGET-104"",""qty"":2,""price"":204121}]"	"{""method"":""mobile_wallet"",""currency"":""KRW"",""amount"":408242,""status"":""settled""}"	desktop
C707341	2025-03-08T19:40:31Z	"{""email"":""kim6138@example.kr"",""country"":""KR"",""phone"":""+82-10-8582-4371""}"	"[{""sku"":""WIDGET-211"",""qty"":1,""price"":70838}]"	"{""method"":""mobile_wallet"",""currency"":""KRW"",""amount"":70838,""status"":""settled""}"	mobile
C703924	2025-03-08T02:00:50Z	"{""email"":""kim7107@example.jp"",""country"":""JP"",""phone"":""+81-90-5985-4285""}"	"[{""sku"":""WIDGET-302"",""qty"":1,""price"":5561}]"	"{""method"":""mobile_wallet"",""currency"":""JPY"",""amount"":5561,""status"":""settled""}"	mobile
C698855	2025-03-08T19:20:26Z	"{""email"":""park2697@example.jp"",""country"":""JP"",""phone"":""+81-90-4404-8958""}"	"[{""sku"":""WIDGET-250"",""qty"":3,""price"":16870}]"	"{""method"":""credit_card"",""currency"":""JPY"",""amount"":50610,""status"":""pending""}"	mobile
C697859	2025-03-08T16:40:49Z	"{""email"":""park513@example.jp"",""country"":""JP"",""phone"":""+81-90-8174-3781""}"	"[{""sku"":""WIDGET-149"",""qty"":3,""price"":8585}]"	"{""method"":""mobile_wallet"",""currency"":""JPY"",""amount"":25755,""status"":""completed""}"	tablet
C697890	2025-03-08T10:05:00Z	"{""email"":""yamada2684@example.jp"",""country"":""JP"",""phone"":""+81-90-3156-7418""}"	"[{""sku"":""WIDGET-123"",""qty"":1,""price"":4256}]"	"{""method"":""credit_card"",""currency"":""JPY"",""amount"":4256,""status"":""settled""}"	tablet
C700610	2025-03-08T07:55:20Z	"{""email"":""yamada7854@example.kr"",""country"":""KR"",""phone"":""+82-10-1757-7311""}"	"[{""sku"":""WIDGET-322"",""qty"":1,""price"":158771}]"	"{""method"":""mobile_wallet"",""currency"":""KRW"",""amount"":158771,""status"":""completed""}"	mobile
C703236	2025-03-08T07:50:25Z	"{""email"":""lee1917@example.kr"",""country"":""KR"",""phone"":""+82-10-7872-5521""}"	"[{""sku"":""WIDGET-370"",""qty"":1,""price"":155519}]"	"{""method"":""bank_transfer"",""currency"":""KRW"",""amount"":155519,""status"":""settled""}"	mobile
C699071	2025-03-08T00:50:57Z	"{""email"":""yamada5969@example.jp"",""country"":""JP"",""phone"":""+81-90-1322-6478""}"	"[{""sku"":""WIDGET-195"",""qty"":3,""price"":25641}]"	"{""method"":""mobile_wallet"",""currency"":""JPY"",""amount"":76923,""status"":""pending""}"	tablet
C701737	2025-03-08T04:40:24Z	"{""email"":""yamada7575@example.kr"",""country"":""KR"",""phone"":""+82-10-7553-5632""}"	"[{""sku"":""WIDGET-365"",""qty"":4,""price"":205469}]"	"{""method"":""mobile_wallet"",""currency"":""KRW"",""amount"":821876,""status"":""completed""}"	mobile
C699823	2025-03-08T04:15:15Z	"{""email"":""yamada7317@example.kr"",""country"":""KR"",""phone"":""+82-10-9345-9628""}"	"[{""sku"":""WIDGET-296"",""qty"":5,""price"":83424}]"	"{""method"":""mobile_wallet"",""currency"":""KRW"",""amount"":417120,""status"":""settled""}"	desktop
C698171	2025-03-08T05:45:05Z	"{""email"":""kim1851@example.kr"",""country"":""KR"",""phone"":""+82-10-2722-5493""}"	"[{""sku"":""WIDGET-307"",""qty"":1,""price"":148194}]"	"{""method"":""credit_card"",""currency"":""KRW"",""amount"":148194,""status"":""settled""}"	desktop
C701004	2025-03-08T19:45:19Z	"{""email"":""lee1239@example.jp"",""country"":""JP"",""phone"":""+81-90-6105-7952""}"	"[{""sku"":""WIDGET-309"",""qty"":1,""price"":9437}]"	"{""method"":""credit_card"",""currency"":""JPY"",""amount"":9437,""status"":""settled""}"	mobile
C698390	2025-03-08T22:10:25Z	"{""email"":""tanaka810@example.kr"",""country"":""KR"",""phone"":""+82-10-2728-3916""}"	"[{""sku"":""WIDGET-353"",""qty"":1,""price"":66585}]"	"{""method"":""mobile_wallet"",""currency"":""KRW"",""amount"":66585,""status"":""settled""}"	desktop
C707000	2025-03-08T12:20:02Z	"{""email"":""tanaka5581@example.jp"",""country"":""JP"",""phone"":""+81-90-9307-3791""}"	"[{""sku"":""WIDGET-158"",""qty"":4,""price"":3965}]"	"{""method"":""credit_card"",""currency"":""JPY"",""amount"":15860,""status"":""completed""}"	desktop
C700936	2025-03-08T08:40:59Z	"{""email"":""tanaka2539@example.kr"",""country"":""KR"",""phone"":""+82-10-7593-2978""}"	"[{""sku"":""WIDGET-122"",""qty"":4,""price"":90708}]"	"{""method"":""credit_card"",""currency"":""KRW"",""amount"":362832,""status"":""completed""}"	mobile
C703010	2025-03-08T03:40:30Z	"{""email"":""lee4846@example.jp"",""country"":""JP"",""phone"":""+81-90-8664-1751""}"	"[{""sku"":""WIDGET-245"",""qty"":1,""price"":27133}]"	"{""method"":""mobile_wallet"",""currency"":""JPY"",""amount"":27133,""status"":""settled""}"	mobile
C703276	2025-03-08T20:30:50Z	"{""email"":""suzuki9431@example.kr"",""country"":""KR"",""phone"":""+82-10-4025-9915""}"	"[{""sku"":""WIDGET-125"",""qty"":5,""price"":251211}]"	"{""method"":""mobile_wallet"",""currency"":""KRW"",""amount"":1256055,""status"":""settled""}"	desktop
C707247	2025-03-08T10:40:11Z	"{""email"":""tanaka8400@example.jp"",""country"":""JP"",""phone"":""+81-90-2908-6703""}"	"[{""sku"":""WIDGET-350"",""qty"":4,""price"":7539}]"	"{""method"":""mobile_wallet"",""currency"":""JPY"",""amount"":30156,""status"":""completed""}"	mobile
C707264	2025-03-08T03:30:04Z	"{""email"":""kim7894@example.kr"",""country"":""KR"",""phone"":""+82-10-2266-6372""}"	"[{""sku"":""WIDGET-282"",""qty"":3,""price"":112544}]"	"{""method"":""mobile_wallet"",""currency"":""KRW"",""amount"":337632,""status"":""settled""}"	tablet
C702658	2025-03-08T16:40:17Z	"{""email"":""yamada4041@example.kr"",""country"":""KR"",""phone"":""+82-10-6486-6725""}"	"[{""sku"":""WIDGET-186"",""qty"":3,""price"":33650}]"	"{""method"":""bank_transfer"",""currency"":""KRW"",""amount"":100950,""status"":""settled""}"	mobile
C703517	2025-03-08T13:20:50Z	"{""email"":""park9147@example.kr"",""country"":""KR"",""phone"":""+82-10-5158-2582""}"	"[{""sku"":""WIDGET-221"",""qty"":2,""price"":167636}]"	"{""method"":""credit_card"",""currency"":""KRW"",""amount"":335272,""status"":""completed""}"	desktop
C705174	2025-03-08T15:25:48Z	"{""email"":""tanaka2194@example.kr"",""country"":""KR"",""phone"":""+82-10-8216-4715""}"	"[{""sku"":""WIDGET-356"",""qty"":3,""price"":12107}]"	"{""method"":""mobile_wallet"",""currency"":""KRW"",""amount"":36321,""status"":""completed""}"	mobile
C702191	2025-03-08T12:50:20Z	"{""email"":""kim1762@example.jp"",""country"":""JP"",""phone"":""+81-90-2281-6549""}"	"[{""sku"":""WIDGET-137"",""qty"":3,""price"":2593}]"	"{""method"":""credit_card"",""currency"":""JPY"",""amount"":7779,""status"":""settled""}"	tablet
C702685	2025-03-08T18:55:39Z	"{""email"":""yamada6469@example.jp"",""country"":""JP"",""phone"":""+81-90-7106-9110""}"	"[{""sku"":""WIDGET-169"",""qty"":1,""price"":2952}]"	"{""method"":""credit_card"",""currency"":""JPY"",""amount"":2952,""status"":""settled""}"	mobile
C705714	2025-03-08T01:15:01Z	"{""email"":""suzuki5957@example.kr"",""country"":""KR"",""phone"":""+82-10-5192-7553""}"	"[{""sku"":""WIDGET-340"",""qty"":2,""price"":79981}]"	"{""method"":""bank_transfer"",""currency"":""KRW"",""amount"":159962,""status"":""pending""}"	tablet
C707237	2025-03-08T07:35:04Z	"{""email"":""park6147@example.kr"",""country"":""KR"",""phone"":""+82-10-8121-1339""}"	"[{""sku"":""WIDGET-237"",""qty"":1,""price"":191352}]"	"{""method"":""bank_transfer"",""currency"":""KRW"",""amount"":191352,""status"":""settled""}"	mobile
C701162	2025-03-08T22:00:21Z	"{""email"":""park215@example.kr"",""country"":""KR"",""phone"":""+82-10-9476-7194""}"	"[{""sku"":""WIDGET-359"",""qty"":3,""price"":69004}]"	"{""method"":""mobile_wallet"",""currency"":""KRW"",""amount"":207012,""status"":""completed""}"	tablet
C701675	2025-03-08T19:10:34Z	"{""email"":""park2487@example.kr"",""country"":""KR"",""phone"":""+82-10-6839-8997""}"	"[{""sku"":""WIDGET-234"",""qty"":2,""price"":16457}]"	"{""method"":""bank_transfer"",""currency"":""KRW"",""amount"":32914,""status"":""settled""}"	mobile
C704197	2025-03-08T01:30:06Z	"{""email"":""suzuki2446@example.kr"",""country"":""KR"",""phone"":""+82-10-1583-9169""}"	"[{""sku"":""WIDGET-287"",""qty"":3,""price"":151829}]"	"{""method"":""credit_card"",""currency"":""KRW"",""amount"":455487,""status"":""settled""}"	tablet
C699351	2025-03-08T17:05:08Z	"{""email"":""tanaka4741@example.jp"",""country"":""JP"",""phone"":""+81-90-8624-3927""}"	"[{""sku"":""WIDGET-100"",""qty"":3,""price"":27520}]"	"{""method"":""bank_transfer"",""currency"":""JPY"",""amount"":82560,""status"":""settled""}"	tablet
C705722	2025-03-08T15:25:05Z	"{""email"":""yamada1574@example.kr"",""country"":""KR"",""phone"":""+82-10-7110-1753""}"	"[{""sku"":""WIDGET-166"",""qty"":4,""price"":255390}]"	"{""method"":""mobile_wallet"",""currency"":""KRW"",""amount"":1021560,""status"":""completed""}"	desktop
C706906	2025-03-08T01:20:23Z	"{""email"":""lee3598@example.kr"",""country"":""KR"",""phone"":""+82-10-9708-9658""}"	"[{""sku"":""WIDGET-175"",""qty"":4,""price"":184521}]"	"{""method"":""credit_card"",""currency"":""KRW"",""amount"":738084,""status"":""settled""}"	tablet
C703370	2025-03-08T02:30:03Z	"{""email"":""tanaka9044@example.kr"",""country"":""KR"",""phone"":""+82-10-3511-1207""}"	"[{""sku"":""WIDGET-111"",""qty"":3,""price"":248095}]"	"{""method"":""mobile_wallet"",""currency"":""KRW"",""amount"":744285,""status"":""completed""}"	tablet
C700596	2025-03-08T06:25:16Z	"{""email"":""park2110@example.kr"",""country"":""KR"",""phone"":""+82-10-1848-7932""}"	"[{""sku"":""WIDGET-337"",""qty"":1,""price"":186755}]"	"{""method"":""bank_transfer"",""currency"":""KRW"",""amount"":186755,""status"":""completed""}"	mobile
C699597	2025-03-08T22:15:36Z	"{""email"":""kim3386@example.kr"",""country"":""KR"",""phone"":""+82-10-6411-7829""}"	"[{""sku"":""WIDGET-376"",""qty"":4,""price"":99633}]"	"{""method"":""bank_transfer"",""currency"":""KRW"",""amount"":398532,""status"":""settled""}"	desktop
C697310	2025-03-08T18:25:39Z	"{""email"":""tanaka9708@example.jp"",""country"":""JP"",""phone"":""+81-90-8688-6732""}"	"[{""sku"":""WIDGET-392"",""qty"":2,""price"":4457}]"	"{""method"":""bank_transfer"",""currency"":""JPY"",""amount"":8914,""status"":""settled""}"	tablet
C697755	2025-03-08T14:55:20Z	"{""email"":""kim7952@example.jp"",""country"":""JP"",""phone"":""+81-90-8876-9361""}"	"[{""sku"":""WIDGET-327"",""qty"":1,""price"":17733}]"	"{""method"":""mobile_wallet"",""currency"":""JPY"",""amount"":17733,""status"":""completed""}"	tablet
C707008	2025-03-08T17:10:40Z	"{""email"":""lee5067@example.jp"",""country"":""JP"",""phone"":""+81-90-7164-5094""}"	"[{""sku"":""WIDGET-142"",""qty"":5,""price"":23897}]"	"{""method"":""bank_transfer"",""currency"":""JPY"",""amount"":119485,""status"":""settled""}"	desktop
C697290	2025-03-08T19:15:15Z	"{""email"":""park8629@example.kr"",""country"":""KR"",""phone"":""+82-10-9840-3663""}"	"[{""sku"":""WIDGET-154"",""qty"":3,""price"":98213}]"	"{""method"":""bank_transfer"",""currency"":""KRW"",""amount"":294639,""status"":""settled""}"	tablet
C705241	2025-03-08T02:25:02Z	"{""email"":""suzuki2081@example.jp"",""country"":""JP"",""phone"":""+81-90-6328-3510""}"	"[{""sku"":""WIDGET-147"",""qty"":1,""price"":8351}]"	"{""method"":""mobile_wallet"",""currency"":""JPY"",""amount"":8351,""status"":""completed""}"	tablet
C702213	2025-03-08T11:05:19Z	"{""email"":""suzuki3476@example.jp"",""country"":""JP"",""phone"":""+81-90-7980-3165""}"	"[{""sku"":""WIDGET-285"",""qty"":3,""price"":20639}]"	"{""method"":""credit_card"",""currency"":""JPY"",""amount"":61917,""status"":""settled""}"	tablet
C698816	2025-03-08T01:40:29Z	"{""email"":""tanaka2177@example.kr"",""country"":""KR"",""phone"":""+82-10-3092-8125""}"	"[{""sku"":""WIDGET-369"",""qty"":3,""price"":159757}]"	"{""method"":""credit_card"",""currency"":""KRW"",""amount"":479271,""status"":""pending""}"	tablet
C703296	2025-03-08T21:55:22Z	"{""email"":""lee2591@example.kr"",""country"":""KR"",""phone"":""+82-10-1420-1937""}"	"[{""sku"":""WIDGET-114"",""qty"":1,""price"":188382}]"	"{""method"":""mobile_wallet"",""currency"":""KRW"",""amount"":188382,""status"":""completed""}"	desktop
C698151	2025-03-08T01:40:28Z	"{""email"":""kim9209@example.jp"",""country"":""JP""}"	"[{""sku"":""WIDGET-178"",""qty"":3,""price"":23221}]"	"{""method"":""credit_card"",""currency"":""JPY"",""amount"":69663,""status"":""settled""}"	desktop
C705984	2025-03-08T01:55:36Z	"{""email"":""kim3999@example.jp"",""country"":""JP"",""phone"":""+81-90-8901-3197""}"	"[{""sku"":""WIDGET-181"",""qty"":4,""price"":9584}]"	"{""method"":""credit_card"",""currency"":""JPY"",""amount"":38336,""status"":""settled""}"	tablet
C705800	2025-03-08T00:25:07Z	"{""email"":""tanaka2084@example.jp"",""country"":""JP"",""phone"":""+81-90-6112-3571""}"	"[{""sku"":""WIDGET-161"",""qty"":5,""price"":18904}]"	"{""method"":""bank_transfer"",""currency"":""JPY"",""amount"":94520,""status"":""settled""}"	mobile
C701767	2025-03-08T09:05:14Z	"{""email"":""lee9341@example.jp"",""country"":""JP"",""phone"":""+81-90-9844-2715""}"	"[{""sku"":""WIDGET-196"",""qty"":1,""price"":15096}]"	"{""method"":""bank_transfer"",""currency"":""JPY"",""amount"":15096,""status"":""settled""}"	mobile
C704861	2025-03-08T05:20:04Z	"{""email"":""yamada3217@example.kr"",""country"":""KR"",""phone"":""+82-10-6973-8216""}"	"[{""sku"":""WIDGET-270"",""qty"":4,""price"":196793}]"	"{""method"":""credit_card"",""currency"":""KRW"",""amount"":787172,""status"":""settled""}"	desktop
C697479	2025-03-08T23:05:11Z	"{""email"":""yamada1824@example.jp"",""country"":""JP"",""phone"":""+81-90-1992-4082""}"	"[{""sku"":""WIDGET-117"",""qty"":3,""price"":17973}]"	"{""method"":""credit_card"",""currency"":""JPY"",""amount"":53919,""status"":""settled""}"	mobile
C706115	2025-03-08T12:05:01Z	"{""email"":""suzuki3736@example.kr"",""country"":""KR"",""phone"":""+82-10-7592-9153""}"	"[{""sku"":""WIDGET-185"",""qty"":1,""price"":230774}]"	"{""method"":""credit_card"",""currency"":""KRW"",""amount"":230774,""status"":""completed""}"	tablet
C705854	2025-03-08T21:05:47Z	"{""email"":""lee6223@example.jp"",""country"":""JP"",""phone"":""+81-90-3160-9289""}"	"[{""sku"":""WIDGET-326"",""qty"":4,""price"":21173}]"	"{""method"":""credit_card"",""currency"":""JPY"",""amount"":84692,""status"":""pending""}"	tablet
C702305	2025-03-08T05:25:07Z	"{""email"":""yamada7922@example.kr"",""country"":""KR"",""phone"":""+82-10-7394-8042""}"	"[{""sku"":""WIDGET-116"",""qty"":5,""price"":261930}]"	"{""method"":""credit_card"",""currency"":""KRW"",""amount"":1309650,""status"":""settled""}"	desktop
C703121	2025-03-08T06:10:20Z	"{""email"":""lee9405@example.jp"",""country"":""JP"",""phone"":""+81-90-4026-3010""}"	"[{""sku"":""WIDGET-205"",""qty"":4,""price"":5599}]"	"{""method"":""bank_transfer"",""currency"":""JPY"",""amount"":22396,""status"":""settled""}"	tablet
C697139	2025-03-08T03:25:30Z	"{""email"":""park8813@example.kr"",""country"":""KR"",""phone"":""+82-10-3557-1390""}"	"[{""sku"":""WIDGET-224"",""qty"":1,""price"":92121}]"	"{""method"":""bank_transfer"",""currency"":""KRW"",""amount"":92121,""status"":""settled""}"	desktop
C705532	2025-03-08T05:55:08Z	"{""email"":""park5034@example.jp"",""country"":""JP"",""phone"":""+81-90-7463-7343""}"	"[{""sku"":""WIDGET-110"",""qty"":5,""price"":1268}]"	"{""method"":""mobile_wallet"",""currency"":""JPY"",""amount"":6340,""status"":""completed""}"	desktop
C705342	2025-03-08T09:15:45Z	"{""email"":""park8186@example.jp"",""country"":""JP"",""phone"":""+81-90-4346-8766""}"	"[{""sku"":""WIDGET-248"",""qty"":4,""price"":22902}]"	"{""method"":""bank_transfer"",""currency"":""JPY"",""amount"":91608,""status"":""settled""}"	desktop
C699566	2025-03-08T08:20:18Z	"{""email"":""kim9316@example.jp"",""country"":""JP"",""phone"":""+81-90-6242-5790""}"	"[{""sku"":""WIDGET-167"",""qty"":5,""price"":29688}]"	"{""method"":""bank_transfer"",""currency"":""JPY"",""amount"":148440,""status"":""settled""}"	desktop
C699290	2025-03-08T06:20:47Z	"{""email"":""park2165@example.kr"",""country"":""KR""}"	"[{""sku"":""WIDGET-266"",""qty"":2,""price"":248350}]"	"{""method"":""credit_card"",""currency"":""KRW"",""amount"":496700,""status"":""settled""}"	mobile
C700251	2025-03-08T06:00:50Z	"{""email"":""park1306@example.jp"",""country"":""JP"",""phone"":""+81-90-1252-7135""}"	"[{""sku"":""WIDGET-174"",""qty"":5,""price"":26619}]"	"{""method"":""mobile_wallet"",""currency"":""JPY"",""amount"":133095,""status"":""settled""}"	mobile
C702671	2025-03-08T04:50:03Z	"{""email"":""lee3358@example.kr"",""country"":""KR"",""phone"":""+82-10-9502-3994""}"	"[{""sku"":""WIDGET-200"",""qty"":2,""price"":60233}]"	"{""method"":""bank_transfer"",""currency"":""KRW"",""amount"":120466,""status"":""completed""}"	desktop
C702428	2025-03-08T05:35:29Z	"{""email"":""kim5084@example.jp"",""country"":""JP"",""phone"":""+81-90-4004-8442""}"	"[{""sku"":""WIDGET-279"",""qty"":3,""price"":24153}]"	"{""method"":""mobile_wallet"",""currency"":""JPY"",""amount"":72459,""status"":""settled""}"	tablet
C700940	2025-03-08T19:00:26Z	"{""email"":""lee4063@example.kr"",""country"":""KR"",""phone"":""+82-10-5145-8850""}"	"[{""sku"":""WIDGET-179"",""qty"":1,""price"":168794}]"	"{""method"":""bank_transfer"",""currency"":""KRW"",""amount"":168794,""status"":""pending""}"	mobile
C706253	2025-03-08T19:25:50Z	"{""email"":""park4587@example.kr"",""country"":""KR"",""phone"":""+82-10-3503-5699""}"	"[{""sku"":""WIDGET-206"",""qty"":1,""price"":247842}]"	"{""method"":""mobile_wallet"",""currency"":""KRW"",""amount"":247842,""status"":""completed""}"	mobile
C706311	2025-03-08T00:50:07Z	"{""email"":""lee6570@example.kr"",""country"":""KR"",""phone"":""+82-10-7883-9498""}"	"[{""sku"":""WIDGET-212"",""qty"":3,""price"":102575}]"	"{""method"":""credit_card"",""currency"":""KRW"",""amount"":307725,""status"":""pending""}"	desktop
C698176	2025-03-08T05:10:38Z	"{""email"":""lee4812@example.kr"",""country"":""KR"",""phone"":""+82-10-1234-8926""}"	"[{""sku"":""WIDGET-167"",""qty"":5,""price"":151939}]"	"{""method"":""mobile_wallet"",""currency"":""KRW"",""amount"":759695,""status"":""settled""}"	desktop
C700642	2025-03-08T11:10:20Z	"{""email"":""tanaka7674@example.kr"",""country"":""KR"",""phone"":""+82-10-7073-2406""}"	"[{""sku"":""WIDGET-255"",""qty"":5,""price"":129290}]"	"{""method"":""mobile_wallet"",""currency"":""KRW"",""amount"":646450,""status"":""settled""}"	tablet
C700113	2025-03-08T06:55:23Z	"{""email"":""kim452@example.kr"",""country"":""KR"",""phone"":""+82-10-2893-4799""}"	"[{""sku"":""WIDGET-227"",""qty"":2,""price"":106110}]"	"{""method"":""credit_card"",""currency"":""KRW"",""amount"":212220,""status"":""pending""}"	tablet
C698943	2025-03-08T14:35:06Z	"{""email"":""suzuki6373@example.kr"",""country"":""KR"",""phone"":""+82-10-4064-4064""}"	"[{""sku"":""WIDGET-148"",""qty"":2,""price"":218444}]"	"{""method"":""bank_transfer"",""currency"":""KRW"",""amount"":436888,""status"":""settled""}"	tablet
C698545	2025-03-08T14:20:21Z	"{""email"":""park7693@example.jp"",""country"":""JP"",""phone"":""+81-90-9160-5203""}"	"[{""sku"":""WIDGET-273"",""qty"":2,""price"":15628}]"	"{""method"":""credit_card"",""currency"":""JPY"",""amount"":31256,""status"":""settled""}"	tablet
C698608	2025-03-08T20:15:52Z	"{""email"":""tanaka9892@example.kr"",""country"":""KR"",""phone"":""+82-10-4338-8596""}"	"[{""sku"":""WIDGET-106"",""qty"":3,""price"":157260}]"	"{""method"":""bank_transfer"",""currency"":""KRW"",""amount"":471780,""status"":""pending""}"	mobile
C700950	2025-03-08T23:15:51Z	"{""email"":""kim8634@example.jp"",""country"":""JP"",""phone"":""+81-90-5424-7009""}"	"[{""sku"":""WIDGET-118"",""qty"":2,""price"":2410}]"	"{""method"":""credit_card"",""currency"":""JPY"",""amount"":4820,""status"":""completed""}"	desktop
C704899	2025-03-08T12:15:32Z	"{""email"":""yamada1730@example.jp"",""country"":""JP"",""phone"":""+81-90-8230-4100""}"	"[{""sku"":""WIDGET-191"",""qty"":5,""price"":3873}]"	"{""method"":""credit_card"",""currency"":""JPY"",""amount"":19365,""status"":""settled""}"	desktop
C699437	2025-03-08T04:50:52Z	"{""email"":""tanaka3140@example.kr"",""country"":""KR"",""phone"":""+82-10-9324-1538""}"	"[{""sku"":""WIDGET-109"",""qty"":1,""price"":119250}]"	"{""method"":""bank_transfer"",""currency"":""KRW"",""amount"":119250,""status"":""completed""}"	tablet
C699684	2025-03-08T05:35:59Z	"{""email"":""suzuki8287@example.kr"",""country"":""KR"",""phone"":""+82-10-5868-9290""}"	"[{""sku"":""WIDGET-317"",""qty"":3,""price"":17597}]"	"{""method"":""credit_card"",""currency"":""KRW"",""amount"":52791,""status"":""settled""}"	tablet
C707388	2025-03-08T16:20:31Z	"{""email"":""suzuki411@example.kr"",""country"":""KR"",""phone"":""+82-10-8468-7783""}"	"[{""sku"":""WIDGET-352"",""qty"":2,""price"":118363}]"	"{""method"":""bank_transfer"",""currency"":""KRW"",""amount"":236726,""status"":""settled""}"	tablet
C701082	2025-03-08T12:20:45Z	"{""email"":""tanaka283@example.kr"",""country"":""KR"",""phone"":""+82-10-6730-8853""}"	"[{""sku"":""WIDGET-150"",""qty"":1,""price"":109578}]"	"{""method"":""credit_card"",""currency"":""KRW"",""amount"":109578,""status"":""settled""}"	mobile
C700640	2025-03-08T22:20:42Z	"{""email"":""park2684@example.kr"",""country"":""KR"",""phone"":""+82-10-8812-2755""}"	"[{""sku"":""WIDGET-210"",""qty"":4,""price"":183847}]"	"{""method"":""credit_card"",""currency"":""KRW"",""amount"":735388,""status"":""pending""}"	tablet
C703591	2025-03-08T23:00:36Z	"{""email"":""suzuki555@example.jp"",""country"":""JP"",""phone"":""+81-90-4062-2726""}"	"[{""sku"":""WIDGET-144"",""qty"":3,""price"":2882}]"	"{""method"":""mobile_wallet"",""currency"":""JPY"",""amount"":8646,""status"":""pending""}"	tablet
C705832	2025-03-08T21:05:34Z	"{""email"":""lee8676@example.jp"",""country"":""JP"",""phone"":""+81-90-5043-5526""}"	"[{""sku"":""WIDGET-213"",""qty"":2,""price"":2360}]"	"{""method"":""credit_card"",""currency"":""JPY"",""amount"":4720,""status"":""completed""}"	tablet
C697603	2025-03-08T17:35:01Z	"{""email"":""lee1764@example.jp"",""country"":""JP"",""phone"":""+81-90-6669-9824""}"	"[{""sku"":""WIDGET-340"",""qty"":3,""price"":21362}]"	"{""method"":""credit_card"",""currency"":""JPY"",""amount"":64086,""status"":""pending""}"	mobile
C699749	2025-03-08T02:50:54Z	"{""email"":""yamada2562@example.jp"",""country"":""JP"",""phone"":""+81-90-6091-2238""}"	"[{""sku"":""WIDGET-160"",""qty"":3,""price"":27507}]"	"{""method"":""mobile_wallet"",""currency"":""JPY"",""amount"":82521,""status"":""settled""}"	tablet
C705860	2025-03-08T18:45:12Z	"{""email"":""yamada4332@example.kr"",""country"":""KR"",""phone"":""+82-10-6704-9912""}"	"[{""sku"":""WIDGET-305"",""qty"":2,""price"":238887}]"	"{""method"":""credit_card"",""currency"":""KRW"",""amount"":477774,""status"":""settled""}"	tablet
C701335	2025-03-08T01:40:01Z	"{""email"":""kim6638@example.kr"",""country"":""KR"",""phone"":""+82-10-8593-2765""}"	"[{""sku"":""WIDGET-246"",""qty"":2,""price"":137947}]"	"{""method"":""bank_transfer"",""currency"":""KRW"",""amount"":275894,""status"":""completed""}"	tablet
C704766	2025-03-08T01:05:44Z	"{""email"":""park345@example.jp"",""country"":""JP"",""phone"":""+81-90-7578-7055""}"	"[{""sku"":""WIDGET-217"",""qty"":5,""price"":6423}]"	"{""method"":""mobile_wallet"",""currency"":""JPY"",""amount"":32115,""status"":""settled""}"	desktop
C697278	2025-03-08T22:55:34Z	"{""email"":""tanaka9175@example.kr"",""country"":""KR"",""phone"":""+82-10-9969-7688""}"	"[{""sku"":""WIDGET-367"",""qty"":5,""price"":30666}]"	"{""method"":""bank_transfer"",""currency"":""KRW"",""amount"":153330,""status"":""settled""}"	desktop
C707197	2025-03-08T03:20:29Z	"{""email"":""yamada8012@example.jp"",""country"":""JP"",""phone"":""+81-90-1104-9133""}"	"[{""sku"":""WIDGET-282"",""qty"":5,""price"":4675}]"	"{""method"":""mobile_wallet"",""currency"":""JPY"",""amount"":23375,""status"":""completed""}"	desktop
C700848	2025-03-08T04:50:38Z	"{""email"":""tanaka7415@example.kr"",""country"":""KR"",""phone"":""+82-10-4082-7731""}"	"[{""sku"":""WIDGET-252"",""qty"":1,""price"":173763}]"	"{""method"":""credit_card"",""currency"":""KRW"",""amount"":173763,""status"":""settled""}"	mobile
C706190	2025-03-08T12:50:09Z	"{""email"":""yamada1543@example.kr"",""country"":""KR"",""phone"":""+82-10-8768-4874""}"	"[{""sku"":""WIDGET-138"",""qty"":2,""price"":155481}]"	"{""method"":""mobile_wallet"",""currency"":""KRW"",""amount"":310962,""status"":""settled""}"	mobile
C699132	2025-03-08T23:30:49Z	"{""email"":""kim1933@example.jp"",""country"":""JP"",""phone"":""+81-90-8403-2056""}"	"[{""sku"":""WIDGET-151"",""qty"":1,""price"":5310}]"	"{""method"":""bank_transfer"",""currency"":""JPY"",""amount"":5310,""status"":""settled""}"	desktop
C699961	2025-03-08T00:00:11Z	"{""email"":""park3426@example.jp"",""country"":""JP"",""phone"":""+81-90-6498-7327""}"	"[{""sku"":""WIDGET-254"",""qty"":5,""price"":11762}]"	"{""method"":""credit_card"",""currency"":""JPY"",""amount"":58810,""status"":""settled""}"	tablet
C703769	2025-03-08T02:45:46Z	"{""email"":""lee5972@example.kr"",""country"":""KR"",""phone"":""+82-10-6339-7081""}"	"[{""sku"":""WIDGET-194"",""qty"":2,""price"":72183}]"	"{""method"":""mobile_wallet"",""currency"":""KRW"",""amount"":144366,""status"":""settled""}"	desktop
C707126	2025-03-08T17:05:42Z	"{""email"":""lee6979@example.jp"",""country"":""JP"",""phone"":""+81-90-5258-7962""}"	"[{""sku"":""WIDGET-134"",""qty"":5,""price"":8074}]"	"{""method"":""credit_card"",""currency"":""JPY"",""amount"":40370,""status"":""completed""}"	tablet
C700003	2025-03-08T15:05:48Z	"{""email"":""park208@example.jp"",""country"":""JP"",""phone"":""+81-90-7895-6805""}"	"[{""sku"":""WIDGET-347"",""qty"":5,""price"":15298}]"	"{""method"":""bank_transfer"",""currency"":""JPY"",""amount"":76490,""status"":""settled""}"	tablet
C699738	2025-03-08T07:40:47Z	"{""email"":""tanaka1065@example.kr"",""country"":""KR"",""phone"":""+82-10-9283-5266""}"	"[{""sku"":""WIDGET-312"",""qty"":5,""price"":225588}]"	"{""method"":""credit_card"",""currency"":""KRW"",""amount"":1127940,""status"":""settled""}"	tablet
C702564	2025-03-08T13:30:58Z	"{""email"":""yamada5322@example.jp"",""country"":""JP"",""phone"":""+81-90-1017-3680""}"	"[{""sku"":""WIDGET-368"",""qty"":2,""price"":22467}]"	"{""method"":""bank_transfer"",""currency"":""JPY"",""amount"":44934,""status"":""completed""}"	tablet
C701352	2025-03-08T11:45:10Z	"{""email"":""kim6687@example.jp"",""country"":""JP"",""phone"":""+81-90-2740-7390""}"	"[{""sku"":""WIDGET-246"",""qty"":5,""price"":19471}]"	"{""method"":""mobile_wallet"",""currency"":""JPY"",""amount"":97355,""status"":""settled""}"	tablet
C704593	2025-03-08T21:15:18Z	"{""email"":""park8322@example.jp"",""country"":""JP"",""phone"":""+81-90-8020-4945""}"	"[{""sku"":""WIDGET-316"",""qty"":4,""price"":19759}]"	"{""method"":""bank_transfer"",""currency"":""JPY"",""amount"":79036,""status"":""pending""}"	desktop
C697640	2025-03-08T17:30:47Z	"{""email"":""lee7867@example.kr"",""country"":""KR"",""phone"":""+82-10-1123-2204""}"	"[{""sku"":""WIDGET-228"",""qty"":2,""price"":7518}]"	"{""method"":""mobile_wallet"",""currency"":""KRW"",""amount"":15036,""status"":""settled""}"	tablet
C705317	2025-03-08T00:15:18Z	"{""email"":""lee5219@example.kr"",""country"":""KR"",""phone"":""+82-10-9679-4962""}"	"[{""sku"":""WIDGET-341"",""qty"":5,""price"":195965}]"	"{""method"":""bank_transfer"",""currency"":""KRW"",""amount"":979825,""status"":""completed""}"	mobile
C701175	2025-03-08T07:20:32Z	"{""email"":""kim9483@example.jp"",""country"":""JP"",""phone"":""+81-90-3946-5208""}"	"[{""sku"":""WIDGET-171"",""qty"":2,""price"":17332}]"	"{""method"":""credit_card"",""currency"":""JPY"",""amount"":34664,""status"":""completed""}"	desktop
C707457	2025-03-08T08:35:10Z	"{""email"":""park6605@example.jp"",""country"":""JP"",""phone"":""+81-90-1839-1870""}"	"[{""sku"":""WIDGET-310"",""qty"":5,""price"":5934}]"	"{""method"":""credit_card"",""currency"":""JPY"",""amount"":29670,""status"":""settled""}"	desktop
C705599	2025-03-08T08:35:58Z	"{""email"":""yamada158@example.jp"",""country"":""JP"",""phone"":""+81-90-6560-1104""}"	"[{""sku"":""WIDGET-340"",""qty"":5,""price"":28188}]"	"{""method"":""bank_transfer"",""currency"":""JPY"",""amount"":140940,""status"":""completed""}"	tablet
C701963	2025-03-08T11:15:29Z	"{""email"":""tanaka7366@example.kr"",""country"":""KR"",""phone"":""+82-10-1466-8649""}"	"[{""sku"":""WIDGET-220"",""qty"":2,""price"":83253}]"	"{""method"":""bank_transfer"",""currency"":""KRW"",""amount"":166506,""status"":""settled""}"	tablet
C701696	2025-03-08T01:25:28Z	"{""email"":""suzuki576@example.kr"",""country"":""KR"",""phone"":""+82-10-6619-1252""}"	"[{""sku"":""WIDGET-381"",""qty"":1,""price"":115182}]"	"{""method"":""mobile_wallet"",""currency"":""KRW"",""amount"":115182,""status"":""settled""}"	tablet
C702325	2025-03-08T02:30:46Z	"{""email"":""lee9450@example.jp"",""country"":""JP"",""phone"":""+81-90-2791-8852""}"	"[{""sku"":""WIDGET-183"",""qty"":3,""price"":23772}]"	"{""method"":""credit_card"",""currency"":""JPY"",""amount"":71316,""status"":""completed""}"	mobile
C700760	2025-03-08T01:10:27Z	"{""email"":""yamada7910@example.jp"",""country"":""JP"",""phone"":""+81-90-8949-1127""}"	"[{""sku"":""WIDGET-221"",""qty"":1,""price"":13287}]"	"{""method"":""mobile_wallet"",""currency"":""JPY"",""amount"":13287,""status"":""settled""}"	tablet
C705851	2025-03-08T19:10:57Z	"{""email"":""lee4147@example.kr"",""country"":""KR"",""phone"":""+82-10-5198-2906""}"	"[{""sku"":""WIDGET-228"",""qty"":4,""price"":65379}]"	"{""method"":""bank_transfer"",""currency"":""KRW"",""amount"":261516,""status"":""settled""}"	tablet
C699356	2025-03-08T20:10:38Z	"{""email"":""kim184@example.kr"",""country"":""KR"",""phone"":""+82-10-6245-7395""}"	"[{""sku"":""WIDGET-296"",""qty"":5,""price"":9930}]"	"{""method"":""mobile_wallet"",""currency"":""KRW"",""amount"":49650,""status"":""completed""}"	desktop
C697628	2025-03-08T16:50:15Z	"{""email"":""yamada7818@example.kr"",""country"":""KR"",""phone"":""+82-10-9428-3422""}"	"[{""sku"":""WIDGET-373"",""qty"":1,""price"":249894}]"	"{""method"":""credit_card"",""currency"":""KRW"",""amount"":249894,""status"":""settled""}"	tablet
C703770	2025-03-08T05:05:25Z	"{""email"":""tanaka507@example.jp"",""country"":""JP"",""phone"":""+81-90-5273-1368""}"	"[{""sku"":""WIDGET-324"",""qty"":4,""price"":1563}]"	"{""method"":""mobile_wallet"",""currency"":""JPY"",""amount"":6252,""status"":""completed""}"	tablet
C706194	2025-03-08T16:25:23Z	"{""email"":""kim571@example.kr"",""country"":""KR"",""phone"":""+82-10-8385-7721""}"	"[{""sku"":""WIDGET-170"",""qty"":1,""price"":47510}]"	"{""method"":""bank_transfer"",""currency"":""KRW"",""amount"":47510,""status"":""pending""}"	mobile
C701731	2025-03-08T19:50:36Z	"{""email"":""suzuki9226@example.kr"",""country"":""KR"",""phone"":""+82-10-7630-9324""}"	"[{""sku"":""WIDGET-219"",""qty"":3,""price"":49297}]"	"{""method"":""credit_card"",""currency"":""KRW"",""amount"":147891,""status"":""settled""}"	desktop
C704902	2025-03-08T23:25:00Z	"{""email"":""kim5545@example.jp"",""country"":""JP"",""phone"":""+81-90-9747-7223""}"	"[{""sku"":""WIDGET-289"",""qty"":3,""price"":23565}]"	"{""method"":""bank_transfer"",""currency"":""JPY"",""amount"":70695,""status"":""completed""}"	mobile
C700617	2025-03-08T07:40:05Z	"{""email"":""suzuki843@example.kr"",""country"":""KR"",""phone"":""+82-10-7666-5755""}"	"[{""sku"":""WIDGET-174"",""qty"":2,""price"":151163}]"	"{""method"":""mobile_wallet"",""currency"":""KRW"",""amount"":302326,""status"":""settled""}"	desktop
C703985	2025-03-08T02:35:40Z	"{""email"":""lee1097@example.jp"",""country"":""JP"",""phone"":""+81-90-8020-1807""}"	"[{""sku"":""WIDGET-159"",""qty"":3,""price"":13950}]"	"{""method"":""credit_card"",""currency"":""JPY"",""amount"":41850,""status"":""settled""}"	desktop
C702579	2025-03-08T01:30:28Z	"{""email"":""suzuki2677@example.jp"",""country"":""JP"",""phone"":""+81-90-5888-3442""}"	"[{""sku"":""WIDGET-101"",""qty"":4,""price"":27553}]"	"{""method"":""credit_card"",""currency"":""JPY"",""amount"":110212,""status"":""settled""}"	desktop
C703352	2025-03-08T15:20:00Z	"{""email"":""yamada6789@example.jp"",""country"":""JP"",""phone"":""+81-90-6142-8162""}"	"[{""sku"":""WIDGET-344"",""qty"":1,""price"":6889}]"	"{""method"":""mobile_wallet"",""currency"":""JPY"",""amount"":6889,""status"":""settled""}"	mobile
C702603	2025-03-08T02:40:53Z	"{""email"":""tanaka4863@example.kr"",""country"":""KR"",""phone"":""+82-10-9905-2472""}"	"[{""sku"":""WIDGET-171"",""qty"":5,""price"":163257}]"	"{""method"":""mobile_wallet"",""currency"":""KRW"",""amount"":816285,""status"":""completed""}"	desktop
C700973	2025-03-08T07:00:25Z	"{""email"":""tanaka521@example.kr"",""country"":""KR"",""phone"":""+82-10-6437-3623""}"	"[{""sku"":""WIDGET-177"",""qty"":1,""price"":263418}]"	"{""method"":""credit_card"",""currency"":""KRW"",""amount"":263418,""status"":""pending""}"	desktop
C701809	2025-03-08T01:55:54Z	"{""email"":""tanaka8960@example.kr"",""country"":""KR"",""phone"":""+82-10-2101-4576""}"	"[{""sku"":""WIDGET-279"",""qty"":5,""price"":244167}]"	"{""method"":""credit_card"",""currency"":""KRW"",""amount"":1220835,""status"":""settled""}"	tablet
C700098	2025-03-08T01:05:48Z	"{""email"":""suzuki9787@example.kr"",""country"":""KR"",""phone"":""+82-10-5940-6900""}"	"[{""sku"":""WIDGET-174"",""qty"":5,""price"":245666}]"	"{""method"":""bank_transfer"",""currency"":""KRW"",""amount"":1228330,""status"":""settled""}"	mobile
C706097	2025-03-08T06:30:55Z	"{""email"":""park7779@example.kr"",""country"":""KR"",""phone"":""+82-10-3832-7528""}"	"[{""sku"":""WIDGET-376"",""qty"":4,""price"":235190}]"	"{""method"":""credit_card"",""currency"":""KRW"",""amount"":940760,""status"":""settled""}"	desktop
C702509	2025-03-08T10:05:30Z	"{""email"":""kim839@example.kr"",""country"":""KR"",""phone"":""+82-10-1447-6447""}"	"[{""sku"":""WIDGET-142"",""qty"":4,""price"":99035}]"	"{""method"":""credit_card"",""currency"":""KRW"",""amount"":396140,""status"":""settled""}"	mobile
C707473	2025-03-08T17:00:47Z	"{""email"":""suzuki2950@example.kr"",""country"":""KR"",""phone"":""+82-10-2140-7676""}"	"[{""sku"":""WIDGET-296"",""qty"":5,""price"":24288}]"	"{""method"":""credit_card"",""currency"":""KRW"",""amount"":121440,""status"":""settled""}"	tablet
C706405	2025-03-08T13:55:57Z	"{""email"":""park3643@example.kr"",""country"":""KR"",""phone"":""+82-10-9931-2230""}"	"[{""sku"":""WIDGET-274"",""qty"":1,""price"":21344}]"	"{""method"":""bank_transfer"",""currency"":""KRW"",""amount"":21344,""status"":""completed""}"	tablet
C701297	2025-03-08T23:30:11Z	"{""email"":""yamada2535@example.jp"",""country"":""JP"",""phone"":""+81-90-2372-8959""}"	"[{""sku"":""WIDGET-394"",""qty"":1,""price"":9269}]"	"{""method"":""credit_card"",""currency"":""JPY"",""amount"":9269,""status"":""settled""}"	desktop
C699466	2025-03-08T05:35:54Z	"{""email"":""park2164@example.kr"",""country"":""KR"",""phone"":""+82-10-5141-3898""}"	"[{""sku"":""WIDGET-174"",""qty"":3,""price"":74171}]"	"{""method"":""credit_card"",""currency"":""KRW"",""amount"":222513,""status"":""settled""}"	tablet
C703900	2025-03-08T02:05:02Z	"{""email"":""suzuki5111@example.kr"",""country"":""KR"",""phone"":""+82-10-9759-8600""}"	"[{""sku"":""WIDGET-366"",""qty"":2,""price"":173757}]"	"{""method"":""mobile_wallet"",""currency"":""KRW"",""amount"":347514,""status"":""pending""}"	mobile
C707038	2025-03-08T18:35:49Z	"{""email"":""suzuki810@example.jp"",""country"":""JP"",""phone"":""+81-90-3793-3954""}"	"[{""sku"":""WIDGET-267"",""qty"":5,""price"":20179}]"	"{""method"":""credit_card"",""currency"":""JPY"",""amount"":100895,""status"":""settled""}"	mobile
C705810	2025-03-08T03:45:11Z	"{""email"":""tanaka5512@example.jp"",""country"":""JP"",""phone"":""+81-90-7606-2335""}"	"[{""sku"":""WIDGET-261"",""qty"":3,""price"":29485}]"	"{""method"":""credit_card"",""currency"":""JPY"",""amount"":88455,""status"":""settled""}"	desktop
C698946	2025-03-08T13:30:58Z	"{""email"":""lee3171@example.kr"",""country"":""KR"",""phone"":""+82-10-8436-8576""}"	"[{""sku"":""WIDGET-154"",""qty"":5,""price"":67931}]"	"{""method"":""bank_transfer"",""currency"":""KRW"",""amount"":339655,""status"":""completed""}"	mobile
C706549	2025-03-08T11:00:43Z	"{""email"":""suzuki5919@example.kr"",""country"":""KR"",""phone"":""+82-10-2879-3668""}"	"[{""sku"":""WIDGET-367"",""qty"":1,""price"":160655}]"	"{""method"":""mobile_wallet"",""currency"":""KRW"",""amount"":160655,""status"":""completed""}"	desktop
C701828	2025-03-08T16:45:12Z	"{""email"":""kim860@example.jp"",""country"":""JP"",""phone"":""+81-90-8092-3700""}"	"[{""sku"":""WIDGET-222"",""qty"":2,""price"":7677}]"	"{""method"":""mobile_wallet"",""currency"":""JPY"",""amount"":15354,""status"":""completed""}"	desktop
C702534	2025-03-08T04:35:54Z	"{""email"":""kim5583@example.kr"",""country"":""KR"",""phone"":""+82-10-9125-6251""}"	"[{""sku"":""WIDGET-378"",""qty"":1,""price"":152157}]"	"{""method"":""mobile_wallet"",""currency"":""KRW"",""amount"":152157,""status"":""settled""}"	tablet
C697882	2025-03-08T12:35:22Z	"{""email"":""suzuki104@example.jp"",""country"":""JP"",""phone"":""+81-90-6040-6712""}"	"[{""sku"":""WIDGET-199"",""qty"":1,""price"":26373}]"	"{""method"":""credit_card"",""currency"":""JPY"",""amount"":26373,""status"":""settled""}"	tablet
C700021	2025-03-08T08:55:44Z	"{""email"":""kim4195@example.jp"",""country"":""JP"",""phone"":""+81-90-7108-6467""}"	"[{""sku"":""WIDGET-101"",""qty"":2,""price"":6418}]"	"{""method"":""mobile_wallet"",""currency"":""JPY"",""amount"":12836,""status"":""settled""}"	mobile
C697700	2025-03-08T18:55:41Z	"{""email"":""kim657@example.jp"",""country"":""JP"",""phone"":""+81-90-8594-7193""}"	"[{""sku"":""WIDGET-174"",""qty"":1,""price"":16704}]"	"{""method"":""bank_transfer"",""currency"":""JPY"",""amount"":16704,""status"":""pending""}"	mobile
C703424	2025-03-08T20:40:40Z	"{""email"":""kim4821@example.kr"",""country"":""KR"",""phone"":""+82-10-3463-4045""}"	"[{""sku"":""WIDGET-342"",""qty"":3,""price"":15402}]"	"{""method"":""bank_transfer"",""currency"":""KRW"",""amount"":46206,""status"":""settled""}"	tablet
C699001	2025-03-08T07:50:53Z	"{""email"":""suzuki1384@example.kr"",""country"":""KR"",""phone"":""+82-10-8387-5728""}"	"[{""sku"":""WIDGET-126"",""qty"":3,""price"":91990}]"	"{""method"":""mobile_wallet"",""currency"":""KRW"",""amount"":275970,""status"":""settled""}"	desktop
C706126	2025-03-08T21:50:51Z	"{""email"":""lee186@example.jp"",""country"":""JP"",""phone"":""+81-90-3121-4509""}"	"[{""sku"":""WIDGET-103"",""qty"":5,""price"":18648}]"	"{""method"":""bank_transfer"",""currency"":""JPY"",""amount"":93240,""status"":""settled""}"	tablet
C706242	2025-03-08T07:20:43Z	"{""email"":""tanaka7461@example.jp"",""country"":""JP"",""phone"":""+81-90-8912-5077""}"	"[{""sku"":""WIDGET-255"",""qty"":4,""price"":8154}]"	"{""method"":""bank_transfer"",""currency"":""JPY"",""amount"":32616,""status"":""settled""}"	desktop
C700677	2025-03-08T15:55:46Z	"{""email"":""tanaka8839@example.jp"",""country"":""JP"",""phone"":""+81-90-3042-3258""}"	"[{""sku"":""WIDGET-302"",""qty"":3,""price"":26080}]"	"{""method"":""bank_transfer"",""currency"":""JPY"",""amount"":78240,""status"":""settled""}"	mobile
C702745	2025-03-08T08:25:13Z	"{""email"":""tanaka841@example.jp"",""country"":""JP"",""phone"":""+81-90-8714-1814""}"	"[{""sku"":""WIDGET-220"",""qty"":5,""price"":17970}]"	"{""method"":""bank_transfer"",""currency"":""JPY"",""amount"":89850,""status"":""settled""}"	mobile
C707293	2025-03-08T17:05:01Z	"{""email"":""tanaka8819@example.jp"",""country"":""JP"",""phone"":""+81-90-4101-8139""}"	"[{""sku"":""WIDGET-145"",""qty"":3,""price"":17907}]"	"{""method"":""mobile_wallet"",""currency"":""JPY"",""amount"":53721,""status"":""settled""}"	tablet
C702900	2025-03-08T09:40:47Z	"{""email"":""kim5468@example.kr"",""country"":""KR"",""phone"":""+82-10-2077-2286""}"	"[{""sku"":""WIDGET-275"",""qty"":1,""price"":185945}]"	"{""method"":""mobile_wallet"",""currency"":""KRW"",""amount"":185945,""status"":""completed""}"	desktop
C697065	2025-03-08T18:55:15Z	"{""email"":""lee3522@example.jp"",""country"":""JP"",""phone"":""+81-90-1728-1795""}"	"[{""sku"":""WIDGET-147"",""qty"":4,""price"":15341}]"	"{""method"":""mobile_wallet"",""currency"":""JPY"",""amount"":61364,""status"":""settled""}"	tablet
C704087	2025-03-08T18:35:31Z	"{""email"":""suzuki4472@example.kr"",""country"":""KR"",""phone"":""+82-10-6598-5023""}"	"[{""sku"":""WIDGET-309"",""qty"":3,""price"":23486}]"	"{""method"":""mobile_wallet"",""currency"":""KRW"",""amount"":70458,""status"":""settled""}"	mobile
C704772	2025-03-08T19:30:24Z	"{""email"":""yamada627@example.kr"",""country"":""KR"",""phone"":""+82-10-2842-3544""}"	"[{""sku"":""WIDGET-319"",""qty"":4,""price"":65157}]"	"{""method"":""bank_transfer"",""currency"":""KRW"",""amount"":260628,""status"":""completed""}"	desktop
C700040	2025-03-08T20:05:28Z	"{""email"":""kim68@example.jp"",""country"":""JP"",""phone"":""+81-90-9581-3961""}"	"[{""sku"":""WIDGET-342"",""qty"":3,""price"":16559}]"	"{""method"":""mobile_wallet"",""currency"":""JPY"",""amount"":49677,""status"":""completed""}"	tablet
C705076	2025-03-08T16:40:27Z	"{""email"":""yamada2859@example.kr"",""country"":""KR"",""phone"":""+82-10-4790-1239""}"	"[{""sku"":""WIDGET-284"",""qty"":3,""price"":44393}]"	"{""method"":""bank_transfer"",""currency"":""KRW"",""amount"":133179,""status"":""completed""}"	tablet
C705922	2025-03-08T10:50:07Z	"{""email"":""yamada6237@example.kr"",""country"":""KR"",""phone"":""+82-10-9444-5321""}"	"[{""sku"":""WIDGET-331"",""qty"":5,""price"":51548}]"	"{""method"":""mobile_wallet"",""currency"":""KRW"",""amount"":257740,""status"":""completed""}"	desktop
C700765	2025-03-08T23:45:52Z	"{""email"":""suzuki2385@example.jp"",""country"":""JP"",""phone"":""+81-90-6604-1808""}"	"[{""sku"":""WIDGET-322"",""qty"":2,""price"":26822}]"	"{""method"":""mobile_wallet"",""currency"":""JPY"",""amount"":53644,""status"":""pending""}"	mobile
C703207	2025-03-08T10:00:17Z	"{""email"":""kim1425@example.jp"",""country"":""JP"",""phone"":""+81-90-5283-7724""}"	"[{""sku"":""WIDGET-277"",""qty"":5,""price"":10996}]"	"{""method"":""mobile_wallet"",""currency"":""JPY"",""amount"":54980,""status"":""settled""}"	tablet
C701070	2025-03-08T20:30:14Z	"{""email"":""tanaka1818@example.jp"",""country"":""JP"",""phone"":""+81-90-9375-8794""}"	"[{""sku"":""WIDGET-368"",""qty"":1,""price"":24557}]"	"{""method"":""mobile_wallet"",""currency"":""JPY"",""amount"":24557,""status"":""completed""}"	tablet
C705339	2025-03-08T05:45:34Z	"{""email"":""tanaka6045@example.jp"",""country"":""JP"",""phone"":""+81-90-1949-4371""}"	"[{""sku"":""WIDGET-383"",""qty"":4,""price"":6702}]"	"{""method"":""mobile_wallet"",""currency"":""JPY"",""amount"":26808,""status"":""pending""}"	mobile
C705574	2025-03-08T07:55:51Z	"{""email"":""lee3030@example.jp"",""country"":""JP"",""phone"":""+81-90-5315-4743""}"	"[{""sku"":""WIDGET-188"",""qty"":4,""price"":1611}]"	"{""method"":""mobile_wallet"",""currency"":""JPY"",""amount"":6444,""status"":""completed""}"	desktop
C705448	2025-03-08T18:00:56Z	"{""email"":""yamada4001@example.kr"",""country"":""KR"",""phone"":""+82-10-1008-2561""}"	"[{""sku"":""WIDGET-270"",""qty"":2,""price"":90522}]"	"{""method"":""credit_card"",""currency"":""KRW"",""amount"":181044,""status"":""settled""}"	mobile
C703616	2025-03-08T08:05:12Z	"{""email"":""park4334@example.kr"",""country"":""KR"",""phone"":""+82-10-4021-9148""}"	"[{""sku"":""WIDGET-244"",""qty"":3,""price"":238914}]"	"{""method"":""bank_transfer"",""currency"":""KRW"",""amount"":716742,""status"":""settled""}"	desktop
C704365	2025-03-08T20:00:13Z	"{""email"":""yamada4182@example.jp"",""country"":""JP"",""phone"":""+81-90-1334-3305""}"	"[{""sku"":""WIDGET-166"",""qty"":5,""price"":6581}]"	"{""method"":""bank_transfer"",""currency"":""JPY"",""amount"":32905,""status"":""settled""}"	desktop
C699156	2025-03-08T13:10:56Z	"{""email"":""suzuki3717@example.jp"",""country"":""JP"",""phone"":""+81-90-8960-5064""}"	"[{""sku"":""WIDGET-209"",""qty"":4,""price"":4453}]"	"{""method"":""bank_transfer"",""currency"":""JPY"",""amount"":17812,""status"":""settled""}"	desktop
C703321	2025-03-08T19:00:00Z	"{""email"":""yamada7114@example.jp"",""country"":""JP"",""phone"":""+81-90-4113-2584""}"	"[{""sku"":""WIDGET-362"",""qty"":2,""price"":10213}]"	"{""method"":""credit_card"",""currency"":""JPY"",""amount"":20426,""status"":""settled""}"	desktop
C701005	2025-03-08T17:25:18Z	"{""email"":""suzuki5181@example.kr"",""country"":""KR"",""phone"":""+82-10-8600-1652""}"	"[{""sku"":""WIDGET-171"",""qty"":4,""price"":187519}]"	"{""method"":""mobile_wallet"",""currency"":""KRW"",""amount"":750076,""status"":""settled""}"	tablet
C699533	2025-03-08T18:10:38Z	"{""email"":""yamada8236@example.jp"",""country"":""JP"",""phone"":""+81-90-7261-6591""}"	"[{""sku"":""WIDGET-139"",""qty"":1,""price"":3820}]"	"{""method"":""mobile_wallet"",""currency"":""JPY"",""amount"":3820,""status"":""completed""}"	mobile
C702215	2025-03-08T03:40:54Z	"{""email"":""park7772@example.jp"",""country"":""JP"",""phone"":""+81-90-2244-7850""}"	"[{""sku"":""WIDGET-207"",""qty"":2,""price"":27598}]"	"{""method"":""bank_transfer"",""currency"":""JPY"",""amount"":55196,""status"":""settled""}"	mobile
C705288	2025-03-08T01:45:25Z	"{""email"":""kim228@example.kr"",""country"":""KR"",""phone"":""+82-10-4693-8458""}"	"[{""sku"":""WIDGET-383"",""qty"":1,""price"":133140}]"	"{""method"":""mobile_wallet"",""currency"":""KRW"",""amount"":133140,""status"":""settled""}"	desktop
C702199	2025-03-08T07:05:48Z	"{""email"":""kim9303@example.kr"",""country"":""KR"",""phone"":""+82-10-8463-5646""}"	"[{""sku"":""WIDGET-365"",""qty"":5,""price"":145142}]"	"{""method"":""bank_transfer"",""currency"":""KRW"",""amount"":725710,""status"":""settled""}"	tablet
C700769	2025-03-08T08:20:26Z	"{""email"":""suzuki8799@example.jp"",""country"":""JP"",""phone"":""+81-90-3206-2805""}"	"[{""sku"":""WIDGET-129"",""qty"":3,""price"":22040}]"	"{""method"":""bank_transfer"",""currency"":""JPY"",""amount"":66120,""status"":""pending""}"	mobile
C702870	2025-03-08T16:05:18Z	"{""email"":""park6713@example.jp"",""country"":""JP"",""phone"":""+81-90-7514-9035""}"	"[{""sku"":""WIDGET-386"",""qty"":3,""price"":16063}]"	"{""method"":""credit_card"",""currency"":""JPY"",""amount"":48189,""status"":""settled""}"	tablet
C701476	2025-03-08T04:05:50Z	"{""email"":""tanaka1821@example.kr"",""country"":""KR"",""phone"":""+82-10-5565-7905""}"	"[{""sku"":""WIDGET-101"",""qty"":1,""price"":154829}]"	"{""method"":""bank_transfer"",""currency"":""KRW"",""amount"":154829,""status"":""settled""}"	desktop
C702461	2025-03-08T09:00:39Z	"{""email"":""lee1190@example.jp"",""country"":""JP"",""phone"":""+81-90-3475-5606""}"	"[{""sku"":""WIDGET-124"",""qty"":1,""price"":4850}]"	"{""method"":""credit_card"",""currency"":""JPY"",""amount"":4850,""status"":""settled""}"	tablet
C705145	2025-03-08T14:20:35Z	"{""email"":""yamada9968@example.kr"",""country"":""KR"",""phone"":""+82-10-3773-8967""}"	"[{""sku"":""WIDGET-276"",""qty"":1,""price"":151239}]"	"{""method"":""bank_transfer"",""currency"":""KRW"",""amount"":151239,""status"":""settled""}"	tablet
C700288	2025-03-08T12:35:54Z	"{""email"":""lee7665@example.jp"",""country"":""JP"",""phone"":""+81-90-5077-3945""}"	"[{""sku"":""WIDGET-107"",""qty"":2,""price"":19936}]"	"{""method"":""mobile_wallet"",""currency"":""JPY"",""amount"":39872,""status"":""settled""}"	tablet
C704512	2025-03-08T10:10:58Z	"{""email"":""tanaka1288@example.kr"",""country"":""KR"",""phone"":""+82-10-7402-5402""}"	"[{""sku"":""WIDGET-313"",""qty"":1,""price"":198482}]"	"{""method"":""credit_card"",""currency"":""KRW"",""amount"":198482,""status"":""settled""}"	mobile
C700038	2025-03-08T22:55:29Z	"{""email"":""lee2940@example.jp"",""country"":""JP"",""phone"":""+81-90-1591-3825""}"	"[{""sku"":""WIDGET-207"",""qty"":2,""price"":1762}]"	"{""method"":""mobile_wallet"",""currency"":""JPY"",""amount"":3524,""status"":""settled""}"	desktop
C704875	2025-03-08T08:35:52Z	"{""email"":""suzuki8201@example.kr"",""country"":""KR"",""phone"":""+82-10-3452-2320""}"	"[{""sku"":""WIDGET-172"",""qty"":4,""price"":222269}]"	"{""method"":""credit_card"",""currency"":""KRW"",""amount"":889076,""status"":""settled""}"	desktop
C698901	2025-03-08T21:20:49Z	"{""email"":""lee68@example.kr"",""country"":""KR"",""phone"":""+82-10-4353-2756""}"	"[{""sku"":""WIDGET-357"",""qty"":2,""price"":52641}]"	"{""method"":""bank_transfer"",""currency"":""KRW"",""amount"":105282,""status"":""settled""}"	tablet
C698661	2025-03-08T21:10:38Z	"{""email"":""tanaka3707@example.jp"",""country"":""JP"",""phone"":""+81-90-7187-3329""}"	"[{""sku"":""WIDGET-382"",""qty"":1,""price"":19301}]"	"{""method"":""bank_transfer"",""currency"":""JPY"",""amount"":19301,""status"":""settled""}"	mobile
C705285	2025-03-08T18:55:53Z	"{""email"":""park6148@example.jp"",""country"":""JP"",""phone"":""+81-90-4292-4759""}"	"[{""sku"":""WIDGET-179"",""qty"":2,""price"":5865}]"	"{""method"":""credit_card"",""currency"":""JPY"",""amount"":11730,""status"":""settled""}"	mobile
C703106	2025-03-08T06:25:07Z	"{""email"":""lee5263@example.kr"",""country"":""KR"",""phone"":""+82-10-5351-9403""}"	"[{""sku"":""WIDGET-190"",""qty"":4,""price"":79947}]"	"{""method"":""bank_transfer"",""currency"":""KRW"",""amount"":319788,""status"":""completed""}"	tablet
C702155	2025-03-08T02:05:49Z	"{""email"":""suzuki4518@example.kr"",""country"":""KR"",""phone"":""+82-10-8972-7726""}"	"[{""sku"":""WIDGET-302"",""qty"":3,""price"":79048}]"	"{""method"":""credit_card"",""currency"":""KRW"",""amount"":237144,""status"":""pending""}"	desktop
C701068	2025-03-08T04:55:43Z	"{""email"":""suzuki5966@example.jp"",""country"":""JP"",""phone"":""+81-90-9634-9570""}"	"[{""sku"":""WIDGET-135"",""qty"":1,""price"":10977}]"	"{""method"":""credit_card"",""currency"":""JPY"",""amount"":10977,""status"":""settled""}"	tablet
C701494	2025-03-08T02:45:47Z	"{""email"":""yamada663@example.kr"",""country"":""KR"",""phone"":""+82-10-9638-3197""}"	"[{""sku"":""WIDGET-199"",""qty"":1,""price"":76654}]"	"{""method"":""bank_transfer"",""currency"":""KRW"",""amount"":76654,""status"":""completed""}"	mobile
C705280	2025-03-08T19:20:45Z	"{""email"":""suzuki2559@example.jp"",""country"":""JP"",""phone"":""+81-90-5804-9744""}"	"[{""sku"":""WIDGET-324"",""qty"":1,""price"":10896}]"	"{""method"":""credit_card"",""currency"":""JPY"",""amount"":10896,""status"":""settled""}"	tablet
C706451	2025-03-08T15:05:39Z	"{""email"":""suzuki5435@example.jp"",""country"":""JP"",""phone"":""+81-90-6373-7158""}"	"[{""sku"":""WIDGET-196"",""qty"":3,""price"":10659}]"	"{""method"":""credit_card"",""currency"":""JPY"",""amount"":31977,""status"":""pending""}"	desktop
C702829	2025-03-08T18:35:35Z	"{""email"":""kim9845@example.kr"",""country"":""KR"",""phone"":""+82-10-7437-3097""}"	"[{""sku"":""WIDGET-188"",""qty"":5,""price"":155426}]"	"{""method"":""bank_transfer"",""currency"":""KRW"",""amount"":777130,""status"":""settled""}"	mobile
C707376	2025-03-08T10:40:45Z	"{""email"":""kim6414@example.kr"",""country"":""KR"",""phone"":""+82-10-2147-2755""}"	"[{""sku"":""WIDGET-220"",""qty"":4,""price"":228849}]"	"{""method"":""credit_card"",""currency"":""KRW"",""amount"":915396,""status"":""completed""}"	mobile
C699632	2025-03-08T01:40:46Z	"{""email"":""kim1942@example.jp"",""country"":""JP"",""phone"":""+81-90-9010-8857""}"	"[{""sku"":""WIDGET-247"",""qty"":3,""price"":26856}]"	"{""method"":""bank_transfer"",""currency"":""JPY"",""amount"":80568,""status"":""settled""}"	desktop
C697242	2025-03-08T08:50:57Z	"{""email"":""park9783@example.kr"",""country"":""KR"",""phone"":""+82-10-5737-2822""}"	"[{""sku"":""WIDGET-353"",""qty"":1,""price"":246596}]"	"{""method"":""bank_transfer"",""currency"":""KRW"",""amount"":246596,""status"":""settled""}"	tablet
C699456	2025-03-08T20:25:45Z	"{""email"":""tanaka153@example.jp"",""country"":""JP"",""phone"":""+81-90-8222-4092""}"	"[{""sku"":""WIDGET-103"",""qty"":3,""price"":25035}]"	"{""method"":""credit_card"",""currency"":""JPY"",""amount"":75105,""status"":""completed""}"	desktop
C698909	2025-03-08T02:10:05Z	"{""email"":""tanaka3021@example.jp"",""country"":""JP"",""phone"":""+81-90-7136-1647""}"	"[{""sku"":""WIDGET-102"",""qty"":3,""price"":27033}]"	"{""method"":""credit_card"",""currency"":""JPY"",""amount"":81099,""status"":""settled""}"	desktop
C697216	2025-03-08T14:35:30Z	"{""email"":""tanaka2160@example.kr"",""country"":""KR"",""phone"":""+82-10-6105-1750""}"	"[{""sku"":""WIDGET-398"",""qty"":3,""price"":96234}]"	"{""method"":""mobile_wallet"",""currency"":""KRW"",""amount"":288702,""status"":""completed""}"	mobile
C703483	2025-03-08T15:55:03Z	"{""email"":""yamada7758@example.jp"",""country"":""JP"",""phone"":""+81-90-8958-5694""}"	"[{""sku"":""WIDGET-143"",""qty"":5,""price"":11700}]"	"{""method"":""bank_transfer"",""currency"":""JPY"",""amount"":58500,""status"":""pending""}"	desktop
C703462	2025-03-08T08:40:07Z	"{""email"":""tanaka6494@example.jp"",""country"":""JP"",""phone"":""+81-90-9341-5772""}"	"[{""sku"":""WIDGET-200"",""qty"":1,""price"":3634}]"	"{""method"":""credit_card"",""currency"":""JPY"",""amount"":3634,""status"":""settled""}"	mobile
C697386	2025-03-08T17:35:07Z	"{""email"":""lee5309@example.jp"",""country"":""JP"",""phone"":""+81-90-4906-1508""}"	"[{""sku"":""WIDGET-159"",""qty"":4,""price"":21322}]"	"{""method"":""bank_transfer"",""currency"":""JPY"",""amount"":85288,""status"":""pending""}"	mobile
C707378	2025-03-08T15:55:55Z	"{""email"":""suzuki903@example.jp"",""country"":""JP"",""phone"":""+81-90-1010-4678""}"	"[{""sku"":""WIDGET-257"",""qty"":5,""price"":19364}]"	"{""method"":""mobile_wallet"",""currency"":""JPY"",""amount"":96820,""status"":""settled""}"	tablet
C703696	2025-03-08T11:25:33Z	"{""email"":""yamada4676@example.jp"",""country"":""JP"",""phone"":""+81-90-1663-1754""}"	"[{""sku"":""WIDGET-138"",""qty"":5,""price"":10253}]"	"{""method"":""bank_transfer"",""currency"":""JPY"",""amount"":51265,""status"":""completed""}"	desktop
C697419	2025-03-08T22:50:17Z	"{""email"":""tanaka9773@example.jp"",""country"":""JP"",""phone"":""+81-90-9001-4947""}"	"[{""sku"":""WIDGET-236"",""qty"":4,""price"":24688}]"	"{""method"":""mobile_wallet"",""currency"":""JPY"",""amount"":98752,""status"":""settled""}"	desktop
C699187	2025-03-08T19:35:00Z	"{""email"":""park2371@example.kr"",""country"":""KR"",""phone"":""+82-10-3028-6409""}"	"[{""sku"":""WIDGET-207"",""qty"":3,""price"":113843}]"	"{""method"":""bank_transfer"",""currency"":""KRW"",""amount"":341529,""status"":""settled""}"	desktop
C701071	2025-03-08T07:00:35Z	"{""email"":""kim6370@example.kr"",""country"":""KR"",""phone"":""+82-10-4947-1545""}"	"[{""sku"":""WIDGET-199"",""qty"":3,""price"":263918}]"	"{""method"":""mobile_wallet"",""currency"":""KRW"",""amount"":791754,""status"":""settled""}"	desktop
C702815	2025-03-08T05:25:26Z	"{""email"":""lee721@example.kr"",""country"":""KR"",""phone"":""+82-10-3826-8130""}"	"[{""sku"":""WIDGET-212"",""qty"":1,""price"":166404}]"	"{""method"":""bank_transfer"",""currency"":""KRW"",""amount"":166404,""status"":""completed""}"	tablet
C704308	2025-03-08T00:50:15Z	"{""email"":""tanaka9873@example.jp"",""country"":""JP""}"	"[{""sku"":""WIDGET-262"",""qty"":3,""price"":4049}]"	"{""method"":""credit_card"",""currency"":""JPY"",""amount"":12147,""status"":""settled""}"	tablet
C698715	2025-03-08T09:00:05Z	"{""email"":""kim5738@example.jp"",""country"":""JP"",""phone"":""+81-90-7301-3533""}"	"[{""sku"":""WIDGET-168"",""qty"":3,""price"":7528}]"	"{""method"":""credit_card"",""currency"":""JPY"",""amount"":22584,""status"":""pending""}"	tablet
C700726	2025-03-08T07:05:10Z	"{""email"":""suzuki4486@example.jp"",""country"":""JP"",""phone"":""+81-90-6273-8302""}"	"[{""sku"":""WIDGET-325"",""qty"":2,""price"":11983}]"	"{""method"":""mobile_wallet"",""currency"":""JPY"",""amount"":23966,""status"":""completed""}"	mobile
C705856	2025-03-08T23:30:17Z	"{""email"":""tanaka8097@example.kr"",""country"":""KR"",""phone"":""+82-10-3478-5272""}"	"[{""sku"":""WIDGET-136"",""qty"":1,""price"":249188}]"	"{""method"":""mobile_wallet"",""currency"":""KRW"",""amount"":249188,""status"":""settled""}"	mobile
C702076	2025-03-08T12:55:15Z	"{""email"":""tanaka7381@example.kr"",""country"":""KR"",""phone"":""+82-10-9032-2331""}"	"[{""sku"":""WIDGET-210"",""qty"":1,""price"":110274}]"	"{""method"":""credit_card"",""currency"":""KRW"",""amount"":110274,""status"":""completed""}"	tablet
C703097	2025-03-08T04:25:46Z	"{""email"":""park6215@example.jp"",""country"":""JP"",""phone"":""+81-90-8516-1789""}"	"[{""sku"":""WIDGET-366"",""qty"":5,""price"":26812}]"	"{""method"":""credit_card"",""currency"":""JPY"",""amount"":134060,""status"":""settled""}"	desktop
C702729	2025-03-08T22:45:16Z	"{""email"":""kim9325@example.jp"",""country"":""JP"",""phone"":""+81-90-7585-9174""}"	"[{""sku"":""WIDGET-178"",""qty"":5,""price"":20906}]"	"{""method"":""credit_card"",""currency"":""JPY"",""amount"":104530,""status"":""settled""}"	tablet
C705214	2025-03-08T20:00:51Z	"{""email"":""yamada2939@example.jp"",""country"":""JP"",""phone"":""+81-90-5033-5151""}"	"[{""sku"":""WIDGET-113"",""qty"":5,""price"":7865}]"	"{""method"":""mobile_wallet"",""currency"":""JPY"",""amount"":39325,""status"":""pending""}"	mobile
C701920	2025-03-08T19:10:02Z	"{""email"":""park6719@example.jp"",""country"":""JP"",""phone"":""+81-90-5311-5875""}"	"[{""sku"":""WIDGET-201"",""qty"":4,""price"":7941}]"	"{""method"":""bank_transfer"",""currency"":""JPY"",""amount"":31764,""status"":""settled""}"	desktop
C697827	2025-03-08T02:30:52Z	"{""email"":""lee9398@example.jp"",""country"":""JP"",""phone"":""+81-90-4232-3667""}"	"[{""sku"":""WIDGET-130"",""qty"":3,""price"":17130}]"	"{""method"":""bank_transfer"",""currency"":""JPY"",""amount"":51390,""status"":""settled""}"	tablet
C698425	2025-03-08T21:40:04Z	"{""email"":""suzuki901@example.kr"",""country"":""KR"",""phone"":""+82-10-3152-1066""}"	"[{""sku"":""WIDGET-396"",""qty"":2,""price"":16012}]"	"{""method"":""credit_card"",""currency"":""KRW"",""amount"":32024,""status"":""settled""}"	desktop
C699628	2025-03-08T10:40:45Z	"{""email"":""lee2134@example.kr"",""country"":""KR"",""phone"":""+82-10-7837-2546""}"	"[{""sku"":""WIDGET-261"",""qty"":3,""price"":14922}]"	"{""method"":""bank_transfer"",""currency"":""KRW"",""amount"":44766,""status"":""settled""}"	mobile
C698167	2025-03-08T17:45:43Z	"{""email"":""park7298@example.jp"",""country"":""JP"",""phone"":""+81-90-2590-8637""}"	"[{""sku"":""WIDGET-151"",""qty"":4,""price"":5673}]"	"{""method"":""bank_transfer"",""currency"":""JPY"",""amount"":22692,""status"":""completed""}"	mobile
C706179	2025-03-08T23:55:18Z	"{""email"":""yamada5180@example.jp"",""country"":""JP"",""phone"":""+81-90-7501-6845""}"	"[{""sku"":""WIDGET-336"",""qty"":1,""price"":12085}]"	"{""method"":""bank_transfer"",""currency"":""JPY"",""amount"":12085,""status"":""settled""}"	tablet
C697485	2025-03-08T02:15:25Z	"{""email"":""suzuki5134@example.jp"",""country"":""JP"",""phone"":""+81-90-2709-4095""}"	"[{""sku"":""WIDGET-121"",""qty"":2,""price"":3563}]"	"{""method"":""credit_card"",""currency"":""JPY"",""amount"":7126,""status"":""settled""}"	mobile
C698724	2025-03-08T05:50:25Z	"{""email"":""suzuki6807@example.kr"",""country"":""KR"",""phone"":""+82-10-8275-8741""}"	"[{""sku"":""WIDGET-311"",""qty"":4,""price"":214957}]"	"{""method"":""bank_transfer"",""currency"":""KRW"",""amount"":859828,""status"":""settled""}"	tablet
C701100	2025-03-08T13:20:07Z	"{""email"":""park5896@example.jp"",""country"":""JP"",""phone"":""+81-90-5125-7964""}"	"[{""sku"":""WIDGET-283"",""qty"":2,""price"":19208}]"	"{""method"":""mobile_wallet"",""currency"":""JPY"",""amount"":38416,""status"":""completed""}"	tablet
C703011	2025-03-08T05:00:22Z	"{""email"":""tanaka8482@example.jp"",""country"":""JP"",""phone"":""+81-90-5479-6379""}"	"[{""sku"":""WIDGET-382"",""qty"":4,""price"":9180}]"	"{""method"":""bank_transfer"",""currency"":""JPY"",""amount"":36720,""status"":""completed""}"	desktop
C707212	2025-03-08T15:20:37Z	"{""email"":""suzuki8413@example.kr"",""country"":""KR""}"	"[{""sku"":""WIDGET-223"",""qty"":3,""price"":45950}]"	"{""method"":""credit_card"",""currency"":""KRW"",""amount"":137850,""status"":""completed""}"	tablet
C702146	2025-03-08T00:05:46Z	"{""email"":""kim8499@example.kr"",""country"":""KR"",""phone"":""+82-10-1775-5133""}"	"[{""sku"":""WIDGET-333"",""qty"":2,""price"":148898}]"	"{""method"":""bank_transfer"",""currency"":""KRW"",""amount"":297796,""status"":""completed""}"	desktop
C703676	2025-03-08T01:10:05Z	"{""email"":""suzuki5170@example.kr"",""country"":""KR"",""phone"":""+82-10-1562-1208""}"	"[{""sku"":""WIDGET-118"",""qty"":3,""price"":172673}]"	"{""method"":""mobile_wallet"",""currency"":""KRW"",""amount"":518019,""status"":""settled""}"	mobile
C705172	2025-03-08T07:30:49Z	"{""email"":""park3043@example.kr"",""country"":""KR"",""phone"":""+82-10-8495-4925""}"	"[{""sku"":""WIDGET-159"",""qty"":4,""price"":210056}]"	"{""method"":""credit_card"",""currency"":""KRW"",""amount"":840224,""status"":""settled""}"	mobile
C702277	2025-03-08T05:50:16Z	"{""email"":""suzuki2827@example.jp"",""country"":""JP"",""phone"":""+81-90-1324-7205""}"	"[{""sku"":""WIDGET-271"",""qty"":3,""price"":20296}]"	"{""method"":""mobile_wallet"",""currency"":""JPY"",""amount"":60888,""status"":""settled""}"	desktop
C703822	2025-03-08T03:20:55Z	"{""email"":""suzuki5960@example.jp"",""country"":""JP"",""phone"":""+81-90-2204-4613""}"	"[{""sku"":""WIDGET-122"",""qty"":5,""price"":17794}]"	"{""method"":""credit_card"",""currency"":""JPY"",""amount"":88970,""status"":""completed""}"	desktop
C697499	2025-03-08T15:25:57Z	"{""email"":""tanaka9375@example.jp"",""country"":""JP"",""phone"":""+81-90-1047-8875""}"	"[{""sku"":""WIDGET-133"",""qty"":5,""price"":8484}]"	"{""method"":""mobile_wallet"",""currency"":""JPY"",""amount"":42420,""status"":""completed""}"	mobile
C697816	2025-03-08T22:55:58Z	"{""email"":""park1476@example.kr"",""country"":""KR"",""phone"":""+82-10-9858-8981""}"	"[{""sku"":""WIDGET-399"",""qty"":1,""price"":12079}]"	"{""method"":""mobile_wallet"",""currency"":""KRW"",""amount"":12079,""status"":""pending""}"	tablet
C703830	2025-03-08T05:05:12Z	"{""email"":""park9387@example.jp"",""country"":""JP"",""phone"":""+81-90-9476-3515""}"	"[{""sku"":""WIDGET-359"",""qty"":3,""price"":6392}]"	"{""method"":""mobile_wallet"",""currency"":""JPY"",""amount"":19176,""status"":""settled""}"	desktop
C699701	2025-03-08T17:15:26Z	"{""email"":""park5840@example.jp"",""country"":""JP"",""phone"":""+81-90-5996-3463""}"	"[{""sku"":""WIDGET-375"",""qty"":3,""price"":4518}]"	"{""method"":""credit_card"",""currency"":""JPY"",""amount"":13554,""status"":""completed""}"	tablet
C703999	2025-03-08T05:30:47Z	"{""email"":""tanaka3423@example.jp"",""country"":""JP"",""phone"":""+81-90-4972-4965""}"	"[{""sku"":""WIDGET-207"",""qty"":5,""price"":16193}]"	"{""method"":""mobile_wallet"",""currency"":""JPY"",""amount"":80965,""status"":""completed""}"	tablet
C700003	2025-03-08T15:05:48Z	"{""email"":""park208@example.jp"",""country"":""JP"",""phone"":""+81-90-7895-6805""}"	"[{""sku"":""WIDGET-347"",""qty"":5,""price"":15298}]"	"{""method"":""bank_transfer"",""currency"":""JPY"",""amount"":76490,""status"":""settled""}"	tablet
C702760	2025-03-08T14:30:46Z	"{""email"":""park2803@example.kr"",""country"":""KR"",""phone"":""+82-10-3547-2558""}"	"[{""sku"":""WIDGET-189"",""qty"":1,""price"":213423}]"	"{""method"":""mobile_wallet"",""currency"":""KRW"",""amount"":213423,""status"":""pending""}"	mobile
C697754	2025-03-08T07:35:12Z	"{""email"":""suzuki3460@example.kr"",""country"":""KR"",""phone"":""+82-10-9239-5188""}"	"[{""sku"":""WIDGET-193"",""qty"":3,""price"":68905}]"	"{""method"":""credit_card"",""currency"":""KRW"",""amount"":206715,""status"":""settled""}"	mobile
C701096	2025-03-08T22:25:19Z	"{""email"":""lee2149@example.kr"",""country"":""KR"",""phone"":""+82-10-3369-1102""}"	"[{""sku"":""WIDGET-232"",""qty"":4,""price"":91003}]"	"{""method"":""credit_card"",""currency"":""KRW"",""amount"":364012,""status"":""completed""}"	tablet
C707399	2025-03-08T19:25:14Z	"{""email"":""park2874@example.kr"",""country"":""KR"",""phone"":""+82-10-8844-9693""}"	"[{""sku"":""WIDGET-167"",""qty"":5,""price"":28359}]"	"{""method"":""credit_card"",""currency"":""KRW"",""amount"":141795,""status"":""pending""}"	desktop
C706443	2025-03-08T09:55:12Z	"{""email"":""lee9141@example.kr"",""country"":""KR"",""phone"":""+82-10-7640-8634""}"	"[{""sku"":""WIDGET-235"",""qty"":3,""price"":143622}]"	"{""method"":""credit_card"",""currency"":""KRW"",""amount"":430866,""status"":""settled""}"	mobile
C697655	2025-03-08T05:20:43Z	"{""email"":""tanaka181@example.kr"",""country"":""KR"",""phone"":""+82-10-7127-9338""}"	"[{""sku"":""WIDGET-372"",""qty"":3,""price"":24072}]"	"{""method"":""credit_card"",""currency"":""KRW"",""amount"":72216,""status"":""completed""}"	mobile
C706100	2025-03-08T16:10:27Z	"{""email"":""park4444@example.kr"",""country"":""KR"",""phone"":""+82-10-3600-6280""}"	"[{""sku"":""WIDGET-276"",""qty"":1,""price"":197920}]"	"{""method"":""mobile_wallet"",""currency"":""KRW"",""amount"":197920,""status"":""settled""}"	tablet
C704093	2025-03-08T09:35:59Z	"{""email"":""lee2255@example.kr"",""country"":""KR"",""phone"":""+82-10-9764-9909""}"	"[{""sku"":""WIDGET-182"",""qty"":2,""price"":88313}]"	"{""method"":""bank_transfer"",""currency"":""KRW"",""amount"":176626,""status"":""settled""}"	tablet
C706326	2025-03-08T04:05:56Z	"{""email"":""park8625@example.jp"",""country"":""JP"",""phone"":""+81-90-4758-8532""}"	"[{""sku"":""WIDGET-395"",""qty"":2,""price"":7131}]"	"{""method"":""mobile_wallet"",""currency"":""JPY"",""amount"":14262,""status"":""settled""}"	desktop
C698389	2025-03-08T14:25:09Z	"{""email"":""suzuki7803@example.kr"",""country"":""KR"",""phone"":""+82-10-5083-4832""}"	"[{""sku"":""WIDGET-365"",""qty"":2,""price"":75032}]"	"{""method"":""mobile_wallet"",""currency"":""KRW"",""amount"":150064,""status"":""completed""}"	desktop
C698399	2025-03-08T08:25:20Z	"{""email"":""park8376@example.kr"",""country"":""KR"",""phone"":""+82-10-9891-7510""}"	"[{""sku"":""WIDGET-168"",""qty"":3,""price"":244626}]"	"{""method"":""bank_transfer"",""currency"":""KRW"",""amount"":733878,""status"":""settled""}"	tablet
C698182	2025-03-08T14:25:03Z	"{""email"":""lee6625@example.jp"",""country"":""JP"",""phone"":""+81-90-7327-5492""}"	"[{""sku"":""WIDGET-385"",""qty"":2,""price"":7760}]"	"{""method"":""mobile_wallet"",""currency"":""JPY"",""amount"":15520,""status"":""settled""}"	desktop
C706041	2025-03-08T13:55:11Z	"{""email"":""tanaka8554@example.jp"",""country"":""JP"",""phone"":""+81-90-5352-5852""}"	"[{""sku"":""WIDGET-178"",""qty"":5,""price"":9777}]"	"{""method"":""bank_transfer"",""currency"":""JPY"",""amount"":48885,""status"":""pending""}"	mobile
C703450	2025-03-08T16:15:35Z	"{""email"":""kim3365@example.kr"",""country"":""KR"",""phone"":""+82-10-9827-7882""}"	"[{""sku"":""WIDGET-157"",""qty"":3,""price"":36018}]"	"{""method"":""bank_transfer"",""currency"":""KRW"",""amount"":108054,""status"":""settled""}"	mobile
C704053	2025-03-08T19:20:04Z	"{""email"":""kim8201@example.jp"",""country"":""JP"",""phone"":""+81-90-3986-3017""}"	"[{""sku"":""WIDGET-348"",""qty"":2,""price"":11507}]"	"{""method"":""credit_card"",""currency"":""JPY"",""amount"":23014,""status"":""settled""}"	desktop
C700435	2025-03-08T12:20:13Z	"{""email"":""park9685@example.jp"",""country"":""JP"",""phone"":""+81-90-3792-7453""}"	"[{""sku"":""WIDGET-369"",""qty"":4,""price"":22917}]"	"{""method"":""credit_card"",""currency"":""JPY"",""amount"":91668,""status"":""completed""}"	desktop
C697552	2025-03-08T14:20:24Z	"{""email"":""kim9291@example.jp"",""country"":""JP"",""phone"":""+81-90-2630-1311""}"	"[{""sku"":""WIDGET-336"",""qty"":3,""price"":25094}]"	"{""method"":""mobile_wallet"",""currency"":""JPY"",""amount"":75282,""status"":""settled""}"	tablet
C705653	2025-03-08T03:25:22Z	"{""email"":""suzuki6439@example.kr"",""country"":""KR"",""phone"":""+82-10-8166-2514""}"	"[{""sku"":""WIDGET-307"",""qty"":4,""price"":240691}]"	"{""method"":""mobile_wallet"",""currency"":""KRW"",""amount"":962764,""status"":""completed""}"	desktop
C702833	2025-03-08T11:50:38Z	"{""email"":""park2281@example.jp"",""country"":""JP"",""phone"":""+81-90-2127-8727""}"	"[{""sku"":""WIDGET-186"",""qty"":4,""price"":16682}]"	"{""method"":""mobile_wallet"",""currency"":""JPY"",""amount"":66728,""status"":""pending""}"	tablet
C698098	2025-03-08T07:20:28Z	"{""email"":""lee1847@example.jp"",""country"":""JP"",""phone"":""+81-90-3887-5487""}"	"[{""sku"":""WIDGET-151"",""qty"":4,""price"":14104}]"	"{""method"":""bank_transfer"",""currency"":""JPY"",""amount"":56416,""status"":""settled""}"	desktop
C705412	2025-03-08T02:35:11Z	"{""email"":""park5414@example.kr"",""country"":""KR"",""phone"":""+82-10-7682-5939""}"	"[{""sku"":""WIDGET-240"",""qty"":5,""price"":125525}]"	"{""method"":""credit_card"",""currency"":""KRW"",""amount"":627625,""status"":""completed""}"	mobile
C701372	2025-03-08T00:45:51Z	"{""email"":""lee3116@example.jp"",""country"":""JP"",""phone"":""+81-90-6584-9230""}"	"[{""sku"":""WIDGET-138"",""qty"":1,""price"":29095}]"	"{""method"":""mobile_wallet"",""currency"":""JPY"",""amount"":29095,""status"":""completed""}"	desktop
C702694	2025-03-08T13:10:55Z	"{""email"":""lee3969@example.kr"",""country"":""KR"",""phone"":""+82-10-7717-3642""}"	"[{""sku"":""WIDGET-282"",""qty"":1,""price"":204865}]"	"{""method"":""credit_card"",""currency"":""KRW"",""amount"":204865,""status"":""settled""}"	mobile
C702892	2025-03-08T11:35:56Z	"{""email"":""suzuki2830@example.jp"",""country"":""JP"",""phone"":""+81-90-4073-7152""}"	"[{""sku"":""WIDGET-262"",""qty"":5,""price"":11324}]"	"{""method"":""bank_transfer"",""currency"":""JPY"",""amount"":56620,""status"":""completed""}"	mobile
C698700	2025-03-08T10:25:03Z	"{""email"":""lee2790@example.jp"",""country"":""JP"",""phone"":""+81-90-9395-6584""}"	"[{""sku"":""WIDGET-341"",""qty"":1,""price"":3245}]"	"{""method"":""mobile_wallet"",""currency"":""JPY"",""amount"":3245,""status"":""settled""}"	mobile
C698685	2025-03-08T15:15:45Z	"{""email"":""yamada7407@example.kr"",""country"":""KR""}"	"[{""sku"":""WIDGET-126"",""qty"":1,""price"":188174}]"	"{""method"":""credit_card"",""currency"":""KRW"",""amount"":188174,""status"":""settled""}"	desktop
C704956	2025-03-08T12:10:54Z	"{""email"":""lee2555@example.jp"",""country"":""JP"",""phone"":""+81-90-3497-3377""}"	"[{""sku"":""WIDGET-355"",""qty"":4,""price"":14083}]"	"{""method"":""mobile_wallet"",""currency"":""JPY"",""amount"":56332,""status"":""completed""}"	mobile
C705912	2025-03-08T23:30:48Z	"{""email"":""yamada6727@example.jp"",""country"":""JP"",""phone"":""+81-90-5979-1345""}"	"[{""sku"":""WIDGET-328"",""qty"":1,""price"":3122}]"	"{""method"":""credit_card"",""currency"":""JPY"",""amount"":3122,""status"":""settled""}"	desktop
C702689	2025-03-08T00:45:12Z	"{""email"":""suzuki1775@example.jp"",""country"":""JP"",""phone"":""+81-90-1386-1177""}"	"[{""sku"":""WIDGET-169"",""qty"":3,""price"":11846}]"	"{""method"":""mobile_wallet"",""currency"":""JPY"",""amount"":35538,""status"":""settled""}"	desktop
C697100	2025-03-08T02:15:41Z	"{""email"":""suzuki2498@example.jp"",""country"":""JP"",""phone"":""+81-90-8245-1114""}"	"[{""sku"":""WIDGET-315"",""qty"":4,""price"":12431}]"	"{""method"":""credit_card"",""currency"":""JPY"",""amount"":49724,""status"":""settled""}"	mobile
C701229	2025-03-08T16:45:00Z	"{""email"":""suzuki5430@example.kr"",""country"":""KR"",""phone"":""+82-10-3499-1597""}"	"[{""sku"":""WIDGET-285"",""qty"":5,""price"":100387}]"	"{""method"":""credit_card"",""currency"":""KRW"",""amount"":501935,""status"":""settled""}"	desktop
C701200	2025-03-08T06:45:28Z	"{""email"":""tanaka3369@example.kr"",""country"":""KR"",""phone"":""+82-10-6081-8129""}"	"[{""sku"":""WIDGET-264"",""qty"":4,""price"":149033}]"	"{""method"":""mobile_wallet"",""currency"":""KRW"",""amount"":596132,""status"":""settled""}"	mobile
C698238	2025-03-08T21:20:26Z	"{""email"":""kim5149@example.kr"",""country"":""KR"",""phone"":""+82-10-3128-2593""}"	"[{""sku"":""WIDGET-235"",""qty"":5,""price"":76901}]"	"{""method"":""credit_card"",""currency"":""KRW"",""amount"":384505,""status"":""pending""}"	tablet
C699711	2025-03-08T20:45:09Z	"{""email"":""tanaka6680@example.jp"",""country"":""JP"",""phone"":""+81-90-1423-6122""}"	"[{""sku"":""WIDGET-295"",""qty"":5,""price"":12358}]"	"{""method"":""mobile_wallet"",""currency"":""JPY"",""amount"":61790,""status"":""settled""}"	desktop
C698455	2025-03-08T23:00:23Z	"{""email"":""suzuki4989@example.jp"",""country"":""JP"",""phone"":""+81-90-9202-1346""}"	"[{""sku"":""WIDGET-331"",""qty"":3,""price"":8978}]"	"{""method"":""bank_transfer"",""currency"":""JPY"",""amount"":26934,""status"":""settled""}"	tablet
C700985	2025-03-08T22:25:08Z	"{""email"":""suzuki6677@example.jp"",""country"":""JP"",""phone"":""+81-90-1684-9134""}"	"[{""sku"":""WIDGET-124"",""qty"":3,""price"":23969}]"	"{""method"":""credit_card"",""currency"":""JPY"",""amount"":71907,""status"":""settled""}"	desktop
C702033	2025-03-08T15:10:20Z	"{""email"":""lee1168@example.jp"",""country"":""JP"",""phone"":""+81-90-2688-9561""}"	"[{""sku"":""WIDGET-126"",""qty"":3,""price"":17101}]"	"{""method"":""mobile_wallet"",""currency"":""JPY"",""amount"":51303,""status"":""completed""}"	desktop
C702818	2025-03-08T23:00:49Z	"{""email"":""yamada5469@example.kr"",""country"":""KR"",""phone"":""+82-10-7353-3946""}"	"[{""sku"":""WIDGET-173"",""qty"":1,""price"":259176}]"	"{""method"":""bank_transfer"",""currency"":""KRW"",""amount"":259176,""status"":""settled""}"	desktop
C704303	2025-03-08T17:15:09Z	"{""email"":""kim215@example.jp"",""country"":""JP"",""phone"":""+81-90-9124-2645""}"	"[{""sku"":""WIDGET-279"",""qty"":2,""price"":15723}]"	"{""method"": ""mobile_wallet"", ""currency"": ""JPY"", ""amount"": 31446, ""status"": ""completed""}"	mobile
C700845	2025-03-08T17:47:19Z	"{""email"":""park2808@example.jp"",""country"":""JP"",""phone"":""+81-90-7411-1156""}"	"[{""sku"":""WIDGET-300"",""qty"":2,""price"":16701}]"	"{""method"": ""credit_card"", ""currency"": ""JPY"", ""amount"": 33402, ""status"": ""pending""}"	mobile
C705479	2025-03-08T17:38:26Z	"{""email"":""suzuki5057@example.jp"",""country"":""JP"",""phone"":""+81-90-9978-9310""}"	"[{""sku"":""WIDGET-259"",""qty"":4,""price"":14524}]"	"{""method"": ""bank_transfer"", ""currency"": ""JPY"", ""amount"": 58096, ""status"": ""pending""}"	desktop
C705038	2025-03-08T17:59:27Z	"{""email"":""tanaka6506@example.jp"",""country"":""JP"",""phone"":""+81-90-8105-5070""}"	"[{""sku"":""WIDGET-209"",""qty"":5,""price"":21067}]"	"{""method"": ""credit_card"", ""currency"": ""JPY"", ""amount"": 105335, ""status"": ""pending""}"	mobile
C698690	2025-03-08T17:19:35Z	"{""email"":""kim6467@example.kr"",""country"":""KR"",""phone"":""+82-10-2183-9805""}"	"[{""sku"":""WIDGET-337"",""qty"":3,""price"":127344}]"	"{""method"": ""mobile_wallet"", ""currency"": ""KRW"", ""amount"": 382032, ""status"": ""pending""}"	mobile
C698690	2025-03-08T17:25:35Z	"{""email"":""kim6467@example.kr"",""country"":""KR"",""phone"":""+82-10-2183-9805""}"	"[{""sku"":""WIDGET-337"",""qty"":3,""price"":127344}]"	"{""method"": ""mobile_wallet"", ""currency"": ""KRW"", ""amount"": 382032, ""status"": ""completed""}"	mobile
C703655	2025-03-08T17:02:36Z	"{""email"":""park7916@example.jp"",""country"":""JP"",""phone"":""+81-90-9553-6153""}"	"[{""sku"":""WIDGET-364"",""qty"":4,""price"":1208}]"	"{""method"": ""bank_transfer"", ""currency"": ""JPY"", ""amount"": 4832, ""status"": ""pending""}"	desktop
C703655	2025-03-08T17:10:36Z	"{""email"":""park7916@example.jp"",""country"":""JP"",""phone"":""+81-90-9553-6153""}"	"[{""sku"":""WIDGET-364"",""qty"":4,""price"":1208}]"	"{""method"": ""bank_transfer"", ""currency"": ""JPY"", ""amount"": 4832, ""status"": ""completed""}"	desktop
C699556	2025-03-08T17:56:22Z	"{""email"":""yamada6256@example.kr"",""country"":""KR"",""phone"":""+82-10-4435-3407""}"	"[{""sku"":""WIDGET-377"",""qty"":4,""price"":262578}]"	"{""method"": ""bank_transfer"", ""currency"": ""KRW"", ""amount"": 1050312, ""status"": ""pending""}"	mobile
C699280	2025-03-08T17:47:24Z	"{""email"":""park3340@example.jp"",""country"":""JP"",""phone"":""+81-90-5607-3750""}"	"[{""sku"":""WIDGET-121"",""qty"":3,""price"":10278}]"	"{""method"": ""bank_transfer"", ""currency"": ""JPY"", ""amount"": 30834, ""status"": ""pending""}"	desktop
C699280	2025-03-08T17:56:24Z	"{""email"":""park3340@example.jp"",""country"":""JP"",""phone"":""+81-90-5607-3750""}"	"[{""sku"":""WIDGET-121"",""qty"":3,""price"":10278}]"	"{""method"": ""bank_transfer"", ""currency"": ""JPY"", ""amount"": 30834, ""status"": ""completed""}"	desktop
C706479	2025-03-08T17:31:41Z	"{""email"":""yamada3104@example.kr"",""country"":""KR"",""phone"":""+82-10-4592-9011""}"	"[{""sku"":""WIDGET-361"",""qty"":3,""price"":118508}]"	"{""method"": ""bank_transfer"", ""currency"": ""KRW"", ""amount"": 355524, ""status"": ""pending""}"	mobile
C706479	2025-03-08T17:40:41Z	"{""email"":""yamada3104@example.kr"",""country"":""KR"",""phone"":""+82-10-4592-9011""}"	"[{""sku"":""WIDGET-361"",""qty"":3,""price"":118508}]"	"{""method"": ""bank_transfer"", ""currency"": ""KRW"", ""amount"": 355524, ""status"": ""completed""}"	mobile
C697566	2025-03-08T17:26:07Z	"{""email"":""suzuki3986@example.kr"",""country"":""KR"",""phone"":""+82-10-7603-1310""}"	"[{""sku"":""WIDGET-335"",""qty"":1,""price"":210744}]"	"{""method"": ""mobile_wallet"", ""currency"": ""KRW"", ""amount"": 210744, ""status"": ""pending""}"	desktop
C698708	2025-03-08T17:14:13Z	"{""email"":""tanaka3952@example.kr"",""country"":""KR"",""phone"":""+82-10-3589-7081""}"	"[{""sku"":""WIDGET-236"",""qty"":5,""price"":193427}]"	"{""method"": ""bank_transfer"", ""currency"": ""KRW"", ""amount"": 967135, ""status"": ""pending""}"	mobile
C705522	2025-03-08T17:20:40Z	"{""email"":""kim9659@example.jp"",""country"":""JP"",""phone"":""+81-90-8003-3188""}"	"[{""sku"":""WIDGET-330"",""qty"":3,""price"":6497}]"	"{""method"": ""bank_transfer"", ""currency"": ""JPY"", ""amount"": 19491, ""status"": ""settled""}"	tablet
C702557	2025-03-08T17:45:40Z	"{""email"":""tanaka6558@example.jp"",""country"":""JP""}"	"[{""sku"":""WIDGET-211"",""qty"":4,""price"":19698}]"	"{""method"": ""bank_transfer"", ""currency"": ""JPY"", ""amount"": 78792, ""status"": ""pending""}"	mobile
C702557	2025-03-08T17:48:40Z	"{""email"":""tanaka6558@example.jp"",""country"":""JP""}"	"[{""sku"":""WIDGET-211"",""qty"":4,""price"":19698}]"	"{""method"": ""bank_transfer"", ""currency"": ""JPY"", ""amount"": 78792, ""status"": ""completed""}"	mobile
C707056	2025-03-08T17:12:25Z	"{""email"":""kim1970@example.jp"",""country"":""JP"",""phone"":""+81-90-5438-4511""}"	"[{""sku"":""WIDGET-245"",""qty"":3,""price"":15056}]"	"{""method"": ""mobile_wallet"", ""currency"": ""JPY"", ""amount"": 45168, ""status"": ""settled""}"	mobile
C707420	2025-03-08T17:40:52Z	"{""email"":""park5530@example.jp"",""country"":""JP"",""phone"":""+81-90-4304-8888""}"	"[{""sku"":""WIDGET-324"",""qty"":5,""price"":24489}]"	"{""method"": ""bank_transfer"", ""currency"": ""JPY"", ""amount"": 122445, ""status"": ""completed""}"	desktop
C700831	2025-03-08T17:42:10Z	"{""email"":""lee6680@example.jp"",""country"":""JP"",""phone"":""+81-90-9288-6757""}"	"[{""sku"":""WIDGET-238"",""qty"":1,""price"":13614}]"	"{""method"": ""mobile_wallet"", ""currency"": ""JPY"", ""amount"": 13614, ""status"": ""pending""}"	tablet
C698891	2025-03-08T17:26:34Z	"{""email"":""park6142@example.kr"",""country"":""KR"",""phone"":""+82-10-4798-9533""}"	"[{""sku"":""WIDGET-219"",""qty"":2,""price"":102394}]"	"{""method"": ""bank_transfer"", ""currency"": ""KRW"", ""amount"": 204788, ""status"": ""completed""}"	mobile
C702893	2025-03-08T17:56:46Z	"{""email"":""lee5597@example.kr"",""country"":""KR"",""phone"":""+82-10-4580-3832""}"	"[{""sku"":""WIDGET-112"",""qty"":5,""price"":239270}]"	"{""method"": ""bank_transfer"", ""currency"": ""KRW"", ""amount"": 1196350, ""status"": ""pending""}"	mobile
C699991	2025-03-08T17:24:14Z	"{""email"":""tanaka5532@example.kr"",""country"":""KR"",""phone"":""+82-10-4176-5337""}"	"[{""sku"":""WIDGET-372"",""qty"":5,""price"":104481}]"	"{""method"": ""credit_card"", ""currency"": ""KRW"", ""amount"": 522405, ""status"": ""pending""}"	desktop
C699991	2025-03-08T17:51:14Z	"{""email"":""tanaka5532@example.kr"",""country"":""KR"",""phone"":""+82-10-4176-5337""}"	"[{""sku"":""WIDGET-372"",""qty"":5,""price"":104481}]"	"{""method"": ""credit_card"", ""currency"": ""KRW"", ""amount"": 522405, ""status"": ""settled""}"	desktop
C702336	2025-03-08T17:47:07Z	"{""email"":""yamada1586@example.kr"",""country"":""KR"",""phone"":""+82-10-6293-7562""}"	"[{""sku"":""WIDGET-217"",""qty"":3,""price"":174959}]"	"{""method"": ""credit_card"", ""currency"": ""KRW"", ""amount"": 524877, ""status"": ""completed""}"	desktop
C707077	2025-03-08T17:53:00Z	"{""email"":""yamada7509@example.kr"",""country"":""KR"",""phone"":""+82-10-7882-6441""}"	"[{""sku"":""WIDGET-282"",""qty"":1,""price"":258563}]"	"{""method"": ""bank_transfer"", ""currency"": ""KRW"", ""amount"": 258563, ""status"": ""completed""}"	mobile
C704660	2025-03-08T17:24:41Z	"{""email"":""park2710@example.jp"",""country"":""JP"",""phone"":""+81-90-4426-4638""}"	"[{""sku"":""WIDGET-277"",""qty"":2,""price"":14964}]"	"{""method"": ""credit_card"", ""currency"": ""JPY"", ""amount"": 29928, ""status"": ""pending""}"	mobile
C704660	2025-03-08T17:52:41Z	"{""email"":""park2710@example.jp"",""country"":""JP"",""phone"":""+81-90-4426-4638""}"	"[{""sku"":""WIDGET-277"",""qty"":2,""price"":14964}]"	"{""method"": ""credit_card"", ""currency"": ""JPY"", ""amount"": 29928, ""status"": ""settled""}"	mobile
C699419	2025-03-08T17:47:05Z	"{""email"":""tanaka6910@example.kr"",""country"":""KR"",""phone"":""+82-10-8537-3982""}"	"[{""sku"":""WIDGET-301"",""qty"":1,""price"":55713}]"	"{""method"": ""bank_transfer"", ""currency"": ""KRW"", ""amount"": 55713, ""status"": ""completed""}"	desktop
C699419	2025-03-08T17:52:05Z	"{""email"":""tanaka6910@example.kr"",""country"":""KR"",""phone"":""+82-10-8537-3982""}"	"[{""sku"":""WIDGET-301"",""qty"":1,""price"":55713}]"	"{""method"": ""bank_transfer"", ""currency"": ""KRW"", ""amount"": 55713, ""status"": ""settled""}"	desktop
C706733	2025-03-08T17:28:31Z	"{""email"":""park2386@example.kr"",""country"":""KR"",""phone"":""+82-10-4155-9073""}"	"[{""sku"":""WIDGET-121"",""qty"":5,""price"":232438}]"	"{""method"": ""bank_transfer"", ""currency"": ""KRW"", ""amount"": 1162190, ""status"": ""completed""}"	mobile
C698087	2025-03-08T17:41:32Z	"{""email"":""tanaka7130@example.kr"",""country"":""KR"",""phone"":""+82-10-5141-4641""}"	"[{""sku"":""WIDGET-268"",""qty"":4,""price"":162100}]"	"{""method"": ""bank_transfer"", ""currency"": ""KRW"", ""amount"": 648400, ""status"": ""completed""}"	mobile
C706294	2025-03-08T17:20:08Z	"{""email"":""park8921@example.jp"",""country"":""JP"",""phone"":""+81-90-4430-7253""}"	"[{""sku"":""WIDGET-301"",""qty"":2,""price"":4785}]"	"{""method"": ""mobile_wallet"", ""currency"": ""JPY"", ""amount"": 9570, ""status"": ""pending""}"	tablet
C706294	2025-03-08T17:24:08Z	"{""email"":""park8921@example.jp"",""country"":""JP"",""phone"":""+81-90-4430-7253""}"	"[{""sku"":""WIDGET-301"",""qty"":2,""price"":4785}]"	"{""method"": ""mobile_wallet"", ""currency"": ""JPY"", ""amount"": 9570, ""status"": ""completed""}"	tablet
C697734	2025-03-08T17:11:59Z	"{""email"":""lee2613@example.jp"",""country"":""JP"",""phone"":""+81-90-5346-5027""}"	"[{""sku"":""WIDGET-152"",""qty"":2,""price"":27109}]"	"{""method"": ""bank_transfer"", ""currency"": ""JPY"", ""amount"": 54218, ""status"": ""pending""}"	mobile
C697734	2025-03-08T17:23:59Z	"{""email"":""lee2613@example.jp"",""country"":""JP"",""phone"":""+81-90-5346-5027""}"	"[{""sku"":""WIDGET-152"",""qty"":2,""price"":27109}]"	"{""method"": ""bank_transfer"", ""currency"": ""JPY"", ""amount"": 54218, ""status"": ""completed""}"	mobile
C701263	2025-03-08T17:23:31Z	"{""email"":""kim5192@example.kr"",""country"":""KR"",""phone"":""+82-10-4203-6867""}"	"[{""sku"":""WIDGET-189"",""qty"":5,""price"":224465}]"	"{""method"": ""bank_transfer"", ""currency"": ""KRW"", ""amount"": 1122325, ""status"": ""settled""}"	tablet
C702915	2025-03-08T17:36:50Z	"{""email"":""park4921@example.jp"",""country"":""JP"",""phone"":""+81-90-3655-1101""}"	"[{""sku"":""WIDGET-311"",""qty"":5,""price"":18635}]"	"{""method"": ""mobile_wallet"", ""currency"": ""JPY"", ""amount"": 93175, ""status"": ""pending""}"	tablet
C702915	2025-03-08T17:55:50Z	"{""email"":""park4921@example.jp"",""country"":""JP"",""phone"":""+81-90-3655-1101""}"	"[{""sku"":""WIDGET-311"",""qty"":5,""price"":18635}]"	"{""method"": ""mobile_wallet"", ""currency"": ""JPY"", ""amount"": 93175, ""status"": ""settled""}"	tablet
C699094	2025-03-08T17:32:29Z	"{""email"":""suzuki7479@example.kr"",""country"":""KR"",""phone"":""+82-10-1078-9794""}"	"[{""sku"":""WIDGET-276"",""qty"":5,""price"":160109}]"	"{""method"": ""credit_card"", ""currency"": ""KRW"", ""amount"": 800545, ""status"": ""pending""}"	mobile
C699094	2025-03-08T17:40:29Z	"{""email"":""suzuki7479@example.kr"",""country"":""KR"",""phone"":""+82-10-1078-9794""}"	"[{""sku"":""WIDGET-276"",""qty"":5,""price"":160109}]"	"{""method"": ""credit_card"", ""currency"": ""KRW"", ""amount"": 800545, ""status"": ""completed""}"	mobile
C697063	2025-03-08T17:42:17Z	"{""email"":""lee6119@example.kr"",""country"":""KR"",""phone"":""+82-10-8302-7813""}"	"[{""sku"":""WIDGET-264"",""qty"":4,""price"":105726}]"	"{""method"": ""mobile_wallet"", ""currency"": ""KRW"", ""amount"": 422904, ""status"": ""pending""}"	desktop
C699412	2025-03-08T17:36:55Z	"{""email"":""tanaka7607@example.kr"",""country"":""KR"",""phone"":""+82-10-2279-5095""}"	"[{""sku"":""WIDGET-242"",""qty"":3,""price"":141606}]"	"{""method"": ""credit_card"", ""currency"": ""KRW"", ""amount"": 424818, ""status"": ""completed""}"	mobile
C704422	2025-03-08T17:02:00Z	"{""email"":""kim3360@example.kr"",""country"":""KR"",""phone"":""+82-10-9194-9456""}"	"[{""sku"":""WIDGET-310"",""qty"":1,""price"":69792}]"	"{""method"": ""bank_transfer"", ""currency"": ""KRW"", ""amount"": 69792, ""status"": ""pending""}"	desktop
C704422	2025-03-08T17:28:00Z	"{""email"":""kim3360@example.kr"",""country"":""KR"",""phone"":""+82-10-9194-9456""}"	"[{""sku"":""WIDGET-310"",""qty"":1,""price"":69792}]"	"{""method"": ""bank_transfer"", ""currency"": ""KRW"", ""amount"": 69792, ""status"": ""settled""}"	desktop
C697963	2025-03-08T17:35:14Z	"{""email"":""suzuki2364@example.kr"",""country"":""KR"",""phone"":""+82-10-5160-6199""}"	"[{""sku"":""WIDGET-376"",""qty"":2,""price"":39658}]"	"{""method"": ""mobile_wallet"", ""currency"": ""KRW"", ""amount"": 79316, ""status"": ""completed""}"	mobile
C706660	2025-03-08T17:50:43Z	"{""email"":""kim4544@example.jp"",""country"":""JP"",""phone"":""+81-90-8294-3124""}"	"[{""sku"":""WIDGET-329"",""qty"":2,""price"":13465}]"	"{""method"": ""bank_transfer"", ""currency"": ""JPY"", ""amount"": 26930, ""status"": ""pending""}"	tablet
C702221	2025-03-08T17:27:33Z	"{""email"":""tanaka544@example.kr"",""country"":""KR"",""phone"":""+82-10-2251-5512""}"	"[{""sku"":""WIDGET-179"",""qty"":3,""price"":262644}]"	"{""method"": ""mobile_wallet"", ""currency"": ""KRW"", ""amount"": 787932, ""status"": ""pending""}"	desktop
C702221	2025-03-08T17:58:33Z	"{""email"":""tanaka544@example.kr"",""country"":""KR"",""phone"":""+82-10-2251-5512""}"	"[{""sku"":""WIDGET-179"",""qty"":3,""price"":262644}]"	"{""method"": ""mobile_wallet"", ""currency"": ""KRW"", ""amount"": 787932, ""status"": ""settled""}"	desktop
C702454	2025-03-08T17:08:59Z	"{""email"":""yamada675@example.jp"",""country"":""JP"",""phone"":""+81-90-1869-3677""}"	"[{""sku"":""WIDGET-306"",""qty"":3,""price"":11128}]"	"{""method"": ""bank_transfer"", ""currency"": ""JPY"", ""amount"": 33384, ""status"": ""completed""}"	mobile
C702299	2025-03-08T17:50:44Z	"{""email"":""park1016@example.kr"",""country"":""KR"",""phone"":""+82-10-4566-3577""}"	"[{""sku"":""WIDGET-327"",""qty"":5,""price"":50119}]"	"{""method"": ""credit_card"", ""currency"": ""KRW"", ""amount"": 250595, ""status"": ""pending""}"	mobile
C702299	2025-03-08T17:59:44Z	"{""email"":""park1016@example.kr"",""country"":""KR"",""phone"":""+82-10-4566-3577""}"	"[{""sku"":""WIDGET-327"",""qty"":5,""price"":50119}]"	"{""method"": ""credit_card"", ""currency"": ""KRW"", ""amount"": 250595, ""status"": ""completed""}"	mobile
C704361	2025-03-08T17:19:37Z	"{""email"":""tanaka2973@example.jp"",""country"":""JP"",""phone"":""+81-90-8162-9591""}"	"[{""sku"":""WIDGET-225"",""qty"":3,""price"":23469}]"	"{""method"": ""mobile_wallet"", ""currency"": ""JPY"", ""amount"": 70407, ""status"": ""pending""}"	tablet
C704361	2025-03-08T17:23:37Z	"{""email"":""tanaka2973@example.jp"",""country"":""JP"",""phone"":""+81-90-8162-9591""}"	"[{""sku"":""WIDGET-225"",""qty"":3,""price"":23469}]"	"{""method"": ""mobile_wallet"", ""currency"": ""JPY"", ""amount"": 70407, ""status"": ""completed""}"	tablet
C702456	2025-03-08T17:23:27Z	"{""email"":""suzuki3486@example.jp"",""country"":""JP"",""phone"":""+81-90-9775-1242""}"	"[{""sku"":""WIDGET-320"",""qty"":4,""price"":12030}]"	"{""method"": ""credit_card"", ""currency"": ""JPY"", ""amount"": 48120, ""status"": ""pending""}"	desktop
C703745	2025-03-08T17:06:58Z	"{""email"":""park2080@example.jp"",""country"":""JP"",""phone"":""+81-90-2820-1457""}"	"[{""sku"":""WIDGET-394"",""qty"":4,""price"":2485}]"	"{""method"": ""bank_transfer"", ""currency"": ""JPY"", ""amount"": 9940, ""status"": ""completed""}"	desktop
C703857	2025-03-08T17:08:26Z	"{""email"":""yamada4608@example.jp"",""country"":""JP"",""phone"":""+81-90-4893-8681""}"	"[{""sku"":""WIDGET-190"",""qty"":4,""price"":16474}]"	"{""method"": ""bank_transfer"", ""currency"": ""JPY"", ""amount"": 65896, ""status"": ""settled""}"	mobile
C700276	2025-03-08T17:27:27Z	"{""email"":""park9173@example.kr"",""country"":""KR"",""phone"":""+82-10-7510-8825""}"	"[{""sku"":""WIDGET-304"",""qty"":5,""price"":9083}]"	"{""method"": ""bank_transfer"", ""currency"": ""KRW"", ""amount"": 45415, ""status"": ""pending""}"	desktop
C697843	2025-03-08T17:53:03Z	"{""email"":""yamada5318@example.kr"",""country"":""KR"",""phone"":""+82-10-6578-1733""}"	"[{""sku"":""WIDGET-175"",""qty"":2,""price"":259551}]"	"{""method"": ""credit_card"", ""currency"": ""KRW"", ""amount"": 519102, ""status"": ""pending""}"	desktop
C705976	2025-03-08T17:23:46Z	"{""email"":""lee1569@example.kr"",""country"":""KR"",""phone"":""+82-10-5991-2452""}"	"[{""sku"":""WIDGET-180"",""qty"":4,""price"":148360}]"	"{""method"": ""mobile_wallet"", ""currency"": ""KRW"", ""amount"": 593440, ""status"": ""pending""}"	tablet
C705275	2025-03-08T17:24:07Z	"{""email"":""lee7673@example.jp"",""country"":""JP"",""phone"":""+81-90-2693-4408""}"	"[{""sku"":""WIDGET-147"",""qty"":5,""price"":6077}]"	"{""method"": ""mobile_wallet"", ""currency"": ""JPY"", ""amount"": 30385, ""status"": ""completed""}"	desktop
C699982	2025-03-08T17:28:44Z	"{""email"":""park1398@example.jp"",""country"":""JP"",""phone"":""+81-90-3258-1320""}"	"[{""sku"":""WIDGET-302"",""qty"":4,""price"":5890}]"	"{""method"": ""mobile_wallet"", ""currency"": ""JPY"", ""amount"": 23560, ""status"": ""pending""}"	tablet
C699982	2025-03-08T17:40:44Z	"{""email"":""park1398@example.jp"",""country"":""JP"",""phone"":""+81-90-3258-1320""}"	"[{""sku"":""WIDGET-302"",""qty"":4,""price"":5890}]"	"{""method"": ""mobile_wallet"", ""currency"": ""JPY"", ""amount"": 23560, ""status"": ""completed""}"	tablet
C706426	2025-03-08T17:12:31Z	"{""email"":""park6503@example.kr"",""country"":""KR"",""phone"":""+82-10-9550-6051""}"	"[{""sku"":""WIDGET-380"",""qty"":1,""price"":167569}]"	"{""method"": ""mobile_wallet"", ""currency"": ""KRW"", ""amount"": 167569, ""status"": ""pending""}"	tablet
C706426	2025-03-08T17:40:31Z	"{""email"":""park6503@example.kr"",""country"":""KR"",""phone"":""+82-10-9550-6051""}"	"[{""sku"":""WIDGET-380"",""qty"":1,""price"":167569}]"	"{""method"": ""mobile_wallet"", ""currency"": ""KRW"", ""amount"": 167569, ""status"": ""settled""}"	tablet
C704769	2025-03-08T17:43:59Z	"{""email"":""lee4972@example.jp"",""country"":""JP"",""phone"":""+81-90-5085-2792""}"	"[{""sku"":""WIDGET-335"",""qty"":4,""price"":16204}]"	"{""method"": ""credit_card"", ""currency"": ""JPY"", ""amount"": 64816, ""status"": ""pending""}"	desktop
C706709	2025-03-08T17:04:52Z	"{""email"":""lee2433@example.kr"",""country"":""KR"",""phone"":""+82-10-2276-6872""}"	"[{""sku"":""WIDGET-313"",""qty"":1,""price"":172117}]"	"{""method"": ""credit_card"", ""currency"": ""KRW"", ""amount"": 172117, ""status"": ""settled""}"	mobile
C706643	2025-03-08T17:23:27Z	"{""email"":""lee7958@example.jp"",""country"":""JP"",""phone"":""+81-90-3131-2267""}"	"[{""sku"":""WIDGET-135"",""qty"":4,""price"":22573}]"	"{""method"": ""mobile_wallet"", ""currency"": ""JPY"", ""amount"": 90292, ""status"": ""pending""}"	mobile
C706643	2025-03-08T17:43:27Z	"{""email"":""lee7958@example.jp"",""country"":""JP"",""phone"":""+81-90-3131-2267""}"	"[{""sku"":""WIDGET-135"",""qty"":4,""price"":22573}]"	"{""method"": ""mobile_wallet"", ""currency"": ""JPY"", ""amount"": 90292, ""status"": ""settled""}"	mobile
C703475	2025-03-08T17:23:57Z	"{""email"":""yamada68@example.jp"",""country"":""JP"",""phone"":""+81-90-9839-4291""}"	"[{""sku"":""WIDGET-269"",""qty"":4,""price"":14033}]"	"{""method"": ""credit_card"", ""currency"": ""JPY"", ""amount"": 56132, ""status"": ""settled""}"	tablet
C697969	2025-03-08T17:38:14Z	"{""email"":""lee5322@example.jp"",""country"":""JP"",""phone"":""+81-90-4627-3287""}"	"[{""sku"":""WIDGET-342"",""qty"":1,""price"":29419}]"	"{""method"": ""mobile_wallet"", ""currency"": ""JPY"", ""amount"": 29419, ""status"": ""completed""}"	mobile
C707126	2025-03-08T17:21:42Z	"{""email"":""lee6979@example.jp"",""country"":""JP"",""phone"":""+81-90-5258-7962""}"	"[{""sku"":""WIDGET-134"",""qty"":5,""price"":8074}]"	"{""method"": ""credit_card"", ""currency"": ""JPY"", ""amount"": 40370, ""status"": ""settled""}"	tablet
C700860	2025-03-08T17:20:35Z	"{""email"":""lee4488@example.kr"",""country"":""KR""}"	"[{""sku"":""WIDGET-399"",""qty"":5,""price"":253151}]"	"{""method"": ""bank_transfer"", ""currency"": ""KRW"", ""amount"": 1265755, ""status"": ""pending""}"	mobile
C703172	2025-03-08T17:41:36Z	"{""email"":""park6518@example.kr"",""country"":""KR"",""phone"":""+82-10-8617-1877""}"	"[{""sku"":""WIDGET-154"",""qty"":2,""price"":129142}]"	"{""method"": ""credit_card"", ""currency"": ""KRW"", ""amount"": 258284, ""status"": ""completed""}"	tablet
C702491	2025-03-08T17:23:55Z	"{""email"":""kim2160@example.jp"",""country"":""JP"",""phone"":""+81-90-7714-8224""}"	"[{""sku"":""WIDGET-218"",""qty"":4,""price"":1841}]"	"{""method"": ""mobile_wallet"", ""currency"": ""JPY"", ""amount"": 7364, ""status"": ""pending""}"	desktop
C702491	2025-03-08T17:33:55Z	"{""email"":""kim2160@example.jp"",""country"":""JP"",""phone"":""+81-90-7714-8224""}"	"[{""sku"":""WIDGET-218"",""qty"":4,""price"":1841}]"	"{""method"": ""mobile_wallet"", ""currency"": ""JPY"", ""amount"": 7364, ""status"": ""completed""}"	desktop
C700199	2025-03-08T17:06:39Z	"{""email"":""yamada9529@example.kr"",""country"":""KR"",""phone"":""+82-10-7106-4612""}"	"[{""sku"":""WIDGET-374"",""qty"":5,""price"":28950}]"	"{""method"": ""credit_card"", ""currency"": ""KRW"", ""amount"": 144750, ""status"": ""pending""}"	tablet
C702343	2025-03-08T17:36:11Z	"{""email"":""yamada2622@example.kr"",""country"":""KR"",""phone"":""+82-10-5686-4397""}"	"[{""sku"":""WIDGET-231"",""qty"":1,""price"":7630}]"	"{""method"": ""bank_transfer"", ""currency"": ""KRW"", ""amount"": 7630, ""status"": ""settled""}"	mobile
C701774	2025-03-08T17:00:31Z	"{""email"":""yamada897@example.kr"",""country"":""KR"",""phone"":""+82-10-4857-9879""}"	"[{""sku"":""WIDGET-189"",""qty"":1,""price"":66691}]"	"{""method"": ""credit_card"", ""currency"": ""KRW"", ""amount"": 66691, ""status"": ""completed""}"	tablet
